CHR	BP	SNP	VAR	REF	ALL.FREQ.VAR	ALL.RANDOM.BETA	ALL.RANDOM.PVAL	ALL.FIXED.BETA	ALL.FIXED.PVAL	FF.FREQ.VAR	FF.RANDOM.BETA	FF.RANDOM.PVAL	FF.FIXED.BETA	FF.FIXED.PVAL
3	195285633	rs823504	T	C	0.4518	-0.0264	0.07112	-0.0264	0.07112	0.4532	-0.0221	0.2266	-0.0221	0.2266
3	195287244	rs823502	C	T	0.0892	-0.0683	0.1428	-0.0644	0.1278	0.0879	-0.0123	0.8635	-0.0266	0.6112
3	195287351	rs28564334	A	G	0.2172	0.0193	0.2976	0.0193	0.2976	0.2135	0.0037	0.872	0.0037	0.872
3	195287834	rs34004185	T	C	0.3072	-0.0335	0.06468	-0.0335	0.06468	0.3088	-0.035	0.1569	-0.0351	0.1188
3	195287883	rs35460524	G	A	0.4537	-0.027	0.07099	-0.027	0.07099	0.4553	-0.0227	0.2265	-0.0227	0.2265
3	195288774	rs13302961	G	A	0.3339	0.0169	0.4663	0.0169	0.4663	0.3311	-5e-04	0.9876	-0.0032	0.9107
3	195288775	rs13303209	C	T	0.3228	0.017	0.4644	0.017	0.4644	0.32	0.0025	0.9372	-8e-04	0.9775
3	195289387	rs6801044	A	C	0.2115	0.0207	0.3005	0.0207	0.3005	0.2084	0.0045	0.8547	0.0045	0.8547
3	195289685	rs4677613	T	C	0.3249	0.0182	0.3156	0.0182	0.3156	0.3276	0.0181	0.4916	0.0246	0.273
3	195289890	rs6787133	A	G	0.1478	-0.0146	0.6402	-0.0146	0.6402	0.1478	0.0128	0.7822	0.0024	0.9498
3	195290637	rs13303017	T	C	0.3376	0.0186	0.2978	0.0186	0.2978	0.3392	0.0193	0.4596	0.0257	0.2463
3	195291356	rs66993552	A	G	0.3002	-0.0366	0.06562	-0.0366	0.06562	0.3017	-0.0374	0.1709	-0.0379	0.1252
3	195291670	rs35512027	T	C	0.2989	-0.0386	0.05857	-0.0386	0.05857	0.3003	-0.0397	0.1392	-0.0399	0.1152
3	195291687	rs4677686	T	C	0.3321	0.0191	0.2939	0.0191	0.2939	0.3337	0.0203	0.4386	0.0264	0.2409
3	195292085	rs67611305	A	G	0.3279	0.0191	0.2918	0.0191	0.2918	0.33	0.0195	0.4552	0.0257	0.2543
3	195293190	rs67788941	G	A	0.3481	0.0218	0.2545	0.0218	0.2545	0.3502	0.0225	0.4131	0.0289	0.2238
3	195293315	rs4677687	C	T	0.1919	0.0288	0.2525	0.0288	0.2525	0.1886	0.0059	0.8502	0.0059	0.8502
3	195293342	rs4677688	T	C	0.3821	0.0313	0.1292	0.0313	0.1292	0.3849	0.0351	0.2133	0.0389	0.127
3	195294753	rs9886989	G	T	0.4554	0.0385	0.09395	0.0385	0.09395	0.456	0.0156	0.6887	0.0298	0.2978
3	195295166	rs4677689	T	C	0.1225	0.0354	0.3418	0.0354	0.3418	0.1207	-0.0104	0.8237	-0.0104	0.8237
3	195295510	rs7647318	A	G	0.1241	0.0352	0.3479	0.0352	0.3479	0.1222	-0.0108	0.8182	-0.0108	0.8182
3	195297430	rs1467282	A	G	0.1219	0.0373	0.3287	0.0373	0.3287	0.1199	-0.01	0.8344	-0.01	0.8344
3	195462804	rs55975940	T	G	0.1788	-0.0442	0.1502	-0.0442	0.1502	0.1798	-0.0445	0.4063	-0.0444	0.2373
3	195471705	rs56180559	C	G	0.0994	0.1556	4.437e-05	0.1556	4.437e-05	0.0986	0.0964	0.04224	0.0964	0.04224
3	195472555	rs842222	C	T	0.4779	-0.0737	0.001739	-0.0737	0.001739	0.4789	-0.0534	0.06378	-0.0534	0.06378
3	195472563	rs62284985	A	G	0.1664	-0.0473	0.09763	-0.0473	0.09763	0.1674	-0.0457	0.3413	-0.0477	0.1739
3	195473288	rs712007	A	G	0.4421	-0.0795	0.0004337	-0.0795	0.0004337	0.442	-0.0632	0.02202	-0.0632	0.02202
3	195473391	rs73203977	A	G	0.1173	0.1566	1.071e-05	0.1566	1.071e-05	0.1156	0.0934	0.03538	0.0934	0.03538
3	195473489	rs2113226	G	C	0.456	-0.0787	0.000547	-0.0787	0.000547	0.4556	-0.0641	0.02152	-0.0641	0.02152
3	195473620	rs712006	A	G	0.1443	0.1173	0.03399	0.1084	0.0008247	0.1473	0.1346	0.0009228	0.1334	0.0006869
3	195473641	rs712005	G	A	0.1401	0.1175	0.03355	0.1086	0.0008133	0.143	0.1346	0.0008864	0.1335	0.0006877
3	195474159	rs62284986	A	G	0.1867	-0.0418	0.09805	-0.0418	0.09805	0.1871	-0.0414	0.3151	-0.0441	0.156
3	195475020	rs2641725	A	G	0.1779	0.1193	0.02034	0.1059	0.0001879	0.1797	0.1219	0.001823	0.1175	0.0007042
3	195475082	rs73203986	C	T	0.1018	0.1383	8.936e-05	0.1387	4.126e-05	0.1004	0.0925	0.02907	0.0925	0.02907
3	195475306	rs2641724	A	G	0.181	0.1072	0.04426	0.0955	0.001459	0.1835	0.1215	0.004208	0.1161	0.001509
3	195475799	rs3205933	T	C	0.1041	0.1367	2.881e-05	0.1367	2.881e-05	0.1027	0.0919	0.02461	0.0919	0.02461
3	195476084	rs55798120	T	C	0.1253	0.1385	9.819e-06	0.1385	9.819e-06	0.1224	0.0902	0.02156	0.0902	0.02156
3	195476085	rs2688497	A	G	0.1533	0.0978	0.03536	0.0921	9e-04	0.1562	0.1116	0.000949	0.1116	0.000949
3	195476254	rs62284987	G	C	0.1938	-0.0383	0.1043	-0.0383	0.1043	0.1938	-0.038	0.3433	-0.0423	0.1438
3	195476501	rs2641723	C	A	0.4009	-0.07	0.0002438	-0.07	0.0002438	0.4024	-0.0592	0.01167	-0.0592	0.01167
3	195476810	rs6764477	C	T	0.2588	0.0352	0.1524	0.0352	0.1524	0.2557	0.0094	0.7563	0.0094	0.7563
3	195476982	rs6805484	T	C	0.3465	0.031	0.08674	0.031	0.08674	0.3417	0.0065	0.7689	0.0065	0.7689
3	195477088	rs3103934	A	G	0.1684	0.0819	0.0343	0.0799	0.0006662	0.1721	0.1003	0.0004364	0.1003	0.0004364
3	195477407	rs7627446	G	A	0.3189	0.1147	4.209e-07	0.1148	1.777e-09	0.3177	0.107	5.716e-06	0.107	5.716e-06
3	195477713	rs2291654	G	A	0.2038	0.0875	0.01071	0.086	2.571e-05	0.2064	0.0997	6.443e-05	0.0997	6.443e-05
3	195477715	rs2291653	C	A	0.41	0.037	0.09672	0.0325	0.04641	0.4116	0.0431	0.07826	0.0413	0.04044
3	195477786	rs6808605	T	C	0.1232	0.1036	4.315e-05	0.1036	3.717e-05	0.1213	0.0676	0.03186	0.0676	0.03186
3	195477791	rs2291652	A	G	0.4457	-0.0628	6.369e-05	-0.0621	1.993e-05	0.4464	-0.0538	0.002758	-0.0538	0.002758
3	195478012	rs2291651	G	C	0.1757	0.0821	0.01432	0.0825	8.178e-05	0.1803	0.1012	7.081e-05	0.1012	7.081e-05
3	195478188	rs2291650	A	G	0.204	-0.0359	0.0772	-0.0359	0.0772	0.2041	-0.0328	0.3477	-0.0379	0.1295
3	195478694	rs863582	G	A	0.3309	0.1073	1.388e-07	0.108	8.922e-11	0.3307	0.1011	9.058e-07	0.1011	9.058e-07
3	195478861	rs842226	A	G	0.0611	0.1094	0.01059	0.099	0.005008	0.062	0.0918	0.03456	0.0918	0.03456
3	195479068	rs6809312	C	T	0.3499	0.0276	0.09903	0.0276	0.09903	0.3463	0.0038	0.8548	0.0038	0.8548
3	195479226	rs6792437	A	G	0.1294	0.1036	2.661e-05	0.1036	2.661e-05	0.1274	0.0691	0.02931	0.0685	0.02658
3	195479256	rs2258447	T	C	0.084	0.0849	0.00347	0.0824	0.002045	0.0833	0.0623	0.06112	0.0623	0.06112
3	195479681	rs73204000	C	A	0.1483	0.1019	0.0002014	0.1026	2.958e-05	0.1443	0.0609	0.0477	0.0609	0.0477
3	195479748	rs842225	A	G	0.4585	-0.0636	8.449e-05	-0.0636	8.449e-05	0.4606	-0.0542	0.006508	-0.0542	0.006508
3	195480414	rs12630536	T	C	0.3913	-0.0851	9.383e-06	-0.0841	1.559e-06	0.3925	-0.0749	0.0005359	-0.0749	0.0005359
3	195480890	rs114789211	G	C	0.1053	0.1028	6.475e-05	0.1028	6.475e-05	0.1039	0.0624	0.05289	0.0624	0.05289
3	195481444	rs2641722	C	T	0.1935	0.0868	0.01091	0.087	5.701e-06	0.1951	0.106	6.571e-06	0.106	6.571e-06
3	195481637	rs1098879	G	T	0.2314	0.0937	0.00861	0.0947	2.467e-06	0.2325	0.1153	2.954e-06	0.1153	2.954e-06
3	195481795	rs72499645	A	G	0.1892	-0.0403	0.05774	-0.0403	0.05774	0.1898	-0.0408	0.248	-0.0439	0.09293
3	195482009	rs842224	C	T	0.4681	-0.0748	8.267e-05	-0.0728	6.056e-06	0.4674	-0.067	0.0007871	-0.067	0.0007871
3	195482446	rs73205710	G	A	0.1106	0.0969	9.538e-05	0.0969	9.538e-05	0.1091	0.0597	0.05507	0.0597	0.05507
3	195483076	rs842223	A	G	0.1818	0.0759	0.02378	0.0797	3.683e-05	0.1843	0.1015	1.76e-05	0.1015	1.76e-05
3	195483304	rs2688523	C	T	0.5042	0.0732	5.133e-05	0.0715	3.823e-06	0.5046	0.0704	0.0002485	0.0704	0.0002485
3	195483502	rs73205712	T	C	0.108	0.0967	8.417e-05	0.0967	8.417e-05	0.1063	0.0603	0.05017	0.0603	0.05017
3	195484244	rs2550270	G	A	0.2008	0.0835	0.01645	0.0844	1.027e-05	0.2018	0.1061	6.056e-06	0.1061	6.056e-06
3	195484759	rs73205713	A	G	0.1083	0.096	8.589e-05	0.096	8.589e-05	0.1066	0.06	0.05008	0.06	0.05008
3	195484867	rs2641720	A	G	0.1764	0.079	0.02425	0.0823	3.51e-05	0.1811	0.1065	1.082e-05	0.1065	1.082e-05
3	195484911	rs2688524	A	G	0.1751	0.0791	0.02374	0.0825	3.267e-05	0.1798	0.1067	1.006e-05	0.1067	1.006e-05
3	195484916	rs2550271	A	G	0.4567	-0.072	4.549e-05	-0.0717	1.074e-05	0.4571	-0.0723	0.0003505	-0.0723	0.0003505
3	195485085	rs73205719	A	G	0.1021	0.1014	8.789e-05	0.1014	8.789e-05	0.1007	0.0632	0.05066	0.0632	0.05066
3	195485131	rs73205720	T	C	0.1076	0.1029	5.797e-05	0.1029	5.797e-05	0.1058	0.0676	0.03518	0.0676	0.03518
3	195485225	rs73205722	G	A	0.1086	0.0957	8.758e-05	0.0957	8.758e-05	0.107	0.0594	0.05171	0.0594	0.05171
3	195485231	rs2688525	G	A	0.3015	0.1065	1.286e-05	0.1066	6.475e-11	0.3013	0.1076	1.057e-05	0.1072	1.217e-07
3	195485439	rs2641719	C	T	0.374	0.1199	1.56e-05	0.1201	3.407e-11	0.3737	0.1214	2.416e-06	0.1209	7.712e-08
3	195485440	rs3103933	A	G	0.3695	0.1192	1.39e-05	0.1194	3.27e-11	0.3691	0.1206	2.294e-06	0.1201	7.641e-08
3	195485732	rs2641718	G	A	0.3005	0.1041	1.848e-05	0.1042	8.866e-11	0.3002	0.1063	1.737e-05	0.1059	1.134e-07
3	195486590	rs62285014	T	C	0.2015	-0.038	0.05344	-0.038	0.05344	0.2021	-0.0384	0.2237	-0.041	0.09082
3	195486633	rs2550272	A	C	0.3166	0.1047	2.225e-05	0.105	1.49e-10	0.3162	0.1072	2.834e-05	0.1069	1.483e-07
3	195486680	rs2688526	T	C	0.3069	0.1049	1.686e-05	0.1052	7.12e-11	0.3065	0.107	2.163e-05	0.1067	1.038e-07
3	195486705	rs2550273	G	A	0.3336	0.1073	2.128e-05	0.1078	1.345e-10	0.3333	0.1093	2.742e-05	0.1093	1.562e-07
3	195486719	rs2550274	A	G	0.2049	0.0745	0.03794	0.0794	9.391e-05	0.2094	0.106	1.847e-05	0.106	1.847e-05
3	195486778	rs2688527	G	A	0.3413	0.1097	1.781e-05	0.1101	8.557e-11	0.3411	0.1117	1.687e-05	0.1114	1.247e-07
3	195486869	rs2550275	G	A	0.3012	0.1033	2.094e-05	0.1035	9.962e-11	0.301	0.1057	2.491e-05	0.1054	1.151e-07
3	195487117	rs2641717	T	C	0.3008	0.1033	2.099e-05	0.1035	9.821e-11	0.3005	0.1057	2.479e-05	0.1054	1.139e-07
3	195487191	rs2641716	A	G	0.2873	0.1015	7.026e-05	0.1033	1.962e-10	0.2892	0.102	0.0001104	0.1029	3.086e-07
3	195487341	rs2550276	G	C	0.3369	0.108	6.499e-05	0.1098	4.317e-10	0.3388	0.1069	0.000336	0.1086	6.304e-07
3	195487530	rs73892863	A	G	0.0168	0.0812	0.3741	0.0812	0.3741	0.0141	0.203	0.1071	0.203	0.1071
3	195487537	rs73892864	G	A	0.017	0.0556	0.5472	0.0556	0.5472	0.014	0.1976	0.1239	0.1976	0.1239
3	195487737	rs2246771	A	G	0.3012	0.1028	7.456e-05	0.1043	2.601e-10	0.3031	0.1034	9.885e-05	0.1042	3.463e-07
3	195489009	rs2246901	C	A	0.296	0.1004	4.426e-05	0.1012	1.77e-10	0.2966	0.1035	5.597e-05	0.1034	1.529e-07
3	195489067	rs2246980	G	C	0.4568	-0.0703	6.009e-05	-0.07	1.294e-05	0.457	-0.0724	0.0002841	-0.0724	0.0002841
3	195489335	rs71635068	C	T	0.3692	0.1119	5.06e-05	0.114	1.043e-10	0.3683	0.1165	3.524e-05	0.1166	1.097e-07
3	195489534	rs78151003	G	C	0.4474	0.1178	1.658e-05	0.1202	4.392e-10	0.4468	0.1243	1.487e-06	0.1239	2.276e-07
3	195489669	rs2550263	C	T	0.3023	0.1018	4.174e-05	0.1036	9.618e-11	0.3013	0.1065	2.629e-05	0.1066	8.201e-08
3	195489930	rs76733630	T	C	0.201	-0.0371	0.05464	-0.0371	0.05464	0.2019	-0.0348	0.2697	-0.0375	0.1147
3	195490144	rs2550262	C	A	0.3029	0.1015	4.087e-05	0.1035	9.499e-11	0.302	0.1062	2.746e-05	0.1064	8.246e-08
3	195490284	rs61617169	T	C	0.2714	0.1024	0.0001965	0.104	9.232e-10	0.2709	0.1075	0.0001795	0.1064	4.565e-07
3	195490804	rs9857656	C	T	0.0315	-0.1358	0.05656	-0.1358	0.05656	0.0314	-0.1049	0.276	-0.0997	0.2552
3	195490842	3:195490842:AGATG	D	R	0.4506	-0.0728	3.707e-05	-0.0727	7.707e-06	0.4509	-0.0749	0.0002038	-0.0749	0.0002038
3	195491423	rs842220	G	A	0.2976	0.101	0.0001086	0.1029	1.305e-10	0.2986	0.1049	0.000122	0.1057	1.014e-07
3	195491593	rs62285016	A	G	0.1937	-0.038	0.05769	-0.038	0.05769	0.1947	-0.0377	0.2404	-0.04	0.1052
3	195492817	rs844518	C	T	0.2814	0.0965	6.978e-05	0.0993	7.756e-10	0.2845	0.1006	0.0001571	0.1021	3.103e-07
3	195493062	rs842219	T	C	0.1897	0.0778	0.04111	0.0826	2.328e-05	0.192	0.1053	0.0001927	0.1062	8.674e-06
3	195493674	rs73892867	T	C	0.023	7e-04	0.9901	7e-04	0.9901	NA	NA	NA	NA	NA
3	195494232	rs13094465	T	C	0.1699	0.0754	0.02993	0.0803	3.398e-05	0.1743	0.1048	4.495e-05	0.105	8.814e-06
3	195495916	rs2550240	C	G	0.4266	-0.0785	8.664e-07	-0.0779	2.94e-07	0.4265	-0.0757	6.225e-05	-0.0757	5.869e-05
3	195496129	rs2688492	C	T	0.2551	0.0762	0.003522	0.0767	4.54e-06	0.256	0.0914	9.899e-06	0.0914	9.899e-06
3	195496147	rs78471763	T	A	0.1813	-0.0372	0.06083	-0.0372	0.06083	0.1829	-0.0436	0.2054	-0.0445	0.0683
3	195496198	rs56703338	C	A	0.0785	0.0379	0.179	0.0379	0.179	0.077	0.0282	0.4261	0.0282	0.4261
3	195496695	rs2641781	T	C	0.1688	0.0794	0.02213	0.0825	2.619e-05	0.1733	0.1088	9.871e-06	0.1087	5.408e-06
3	195496792	rs3096333	C	T	0.4304	-0.0799	1.666e-07	-0.0799	1.666e-07	0.4292	-0.0767	4.953e-05	-0.0767	4.953e-05
3	195497143	rs2293232	T	C	0.1273	0.0979	0.0203	0.1032	4.514e-06	0.1307	0.1241	0.001013	0.1266	3.837e-06
3	195497174	rs2259102	C	G	0.1687	0.0817	0.01674	0.0831	2.873e-05	0.1732	0.1104	4.998e-06	0.1104	4.998e-06
3	195497743	rs2260685	C	T	0.4692	-0.0687	2.064e-05	-0.0687	1.715e-05	0.4696	-0.0726	0.0002511	-0.0726	0.0002511
3	195497809	rs2259153	T	C	0.3568	0.0323	0.1039	0.0298	0.0565	0.3625	0.043	0.02604	0.043	0.02604
3	195498859	rs2641779	T	A	0.1646	0.0822	0.01705	0.0827	4.185e-05	0.1685	0.1113	6.264e-06	0.1113	6.264e-06
3	195498942	rs2550241	C	T	0.4608	-0.0668	2.479e-05	-0.0667	1.918e-05	0.4611	-0.0724	0.0001869	-0.0724	0.0001869
3	195499104	rs2550243	A	G	0.1279	0.0918	3.872e-05	0.0918	3.872e-05	0.1244	0.0617	0.02793	0.0617	0.02793
3	195499218	rs112431434	C	T	0.1094	0.0973	6.59e-05	0.0973	6.59e-05	0.1081	0.0656	0.03123	0.0656	0.03123
3	195499221	rs113272420	T	C	0.1094	0.0973	6.581e-05	0.0973	6.581e-05	0.1081	0.0656	0.0312	0.0656	0.0312
3	195499311	rs71635072	T	C	0.2792	-0.1276	7.921e-06	-0.1276	7.921e-06	0.2792	-0.1428	5.625e-05	-0.1428	5.625e-05
3	195499555	rs113941454	G	C	0.1235	0.0924	3.033e-05	0.0924	3.033e-05	0.1203	0.0635	0.02248	0.0635	0.02248
3	195499715	rs111769563	G	A	0.1309	0.0982	5.979e-05	0.0982	5.979e-05	0.1274	0.0687	0.0257	0.0687	0.0257
3	195500100	rs142022143	G	A	0.1239	0.0927	2.681e-05	0.0927	2.681e-05	0.1204	0.0634	0.02255	0.0634	0.02255
3	195500116	rs2688511	T	C	0.4278	0.0204	0.253	0.0197	0.212	0.4313	0.0407	0.03803	0.0407	0.03803
3	195500199	3:195500199:TG_T	D	R	0.0308	-0.1272	0.06334	-0.1201	0.06226	0.0307	-0.1004	0.2786	-0.0864	0.2744
3	195500355	rs4927725	T	C	0.4611	-0.0639	5.066e-05	-0.0639	5.066e-05	0.4611	-0.0706	0.0003061	-0.0706	0.0003061
3	195500428	rs139648587	T	C	0.091	0.1227	4.435e-05	0.1227	4.435e-05	0.0884	0.0831	0.02831	0.0831	0.02831
3	195500758	rs11928440	G	A	0.1238	0.0923	2.584e-05	0.0923	2.584e-05	0.1203	0.0634	0.02164	0.0634	0.02164
3	195501149	rs2259292	C	T	0.4187	0.0196	0.2312	0.0194	0.2101	0.4222	0.041	0.0328	0.041	0.0328
3	195501258	rs2259331	T	C	0.3553	0.0266	0.1317	0.0251	0.0985	0.3616	0.0396	0.03495	0.0396	0.03495
3	195501414	rs55933155	A	C	0.1803	-0.0347	0.07431	-0.0347	0.07431	0.1821	-0.0413	0.2149	-0.0418	0.08138
3	195501793	rs73205733	G	A	0.1134	0.1008	4.099e-05	0.1008	4.099e-05	0.112	0.073	0.01759	0.073	0.01759
3	195501938	rs2550251	T	G	0.4061	0.0203	0.2548	0.0195	0.2109	0.411	0.0402	0.05159	0.0397	0.03912
3	195502169	rs114220016	A	T	0.0305	-0.1028	0.1011	-0.1028	0.1011	0.0305	-0.0788	0.3607	-0.0722	0.3489
3	195502170	rs114973310	A	C	0.0305	-0.1028	0.1012	-0.1028	0.1012	0.0305	-0.0788	0.3607	-0.0722	0.3488
3	195502203	3:195502203:A_AC	R	I	0.1728	0.0783	0.01609	0.0785	6.53e-05	0.1768	0.1073	7.767e-06	0.1073	7.767e-06
3	195502204	3:195502204:C_CT	R	I	0.185	0.0788	0.01796	0.0784	8.043e-05	0.1892	0.1078	9.018e-06	0.1078	9.018e-06
3	195502245	rs149618210	T	C	0.0313	-0.0986	0.1159	-0.0986	0.1159	0.0312	-0.0762	0.3705	-0.0707	0.359
3	195502264	rs3103963	G	A	0.4036	0.0846	0.0003138	0.0841	3.711e-05	0.4032	0.102	5.94e-05	0.102	5.94e-05
3	195502265	rs3107754	G	C	0.3945	0.0876	0.0001745	0.0871	3.22e-05	0.3944	0.1018	9.443e-05	0.1018	9.443e-05
3	195502850	rs188029493	C	T	0.4826	-0.0353	0.1471	-0.0353	0.1471	0.4809	-0.0531	0.07899	-0.0531	0.07899
3	195502916	rs113097156	A	C	0.3254	0.1045	0.0133	0.1077	2.519e-05	0.3274	0.1377	2.741e-05	0.1366	1.137e-05
3	195504784	rs55764966	G	A	0.1115	0.0828	0.1152	0.1001	0.009018	0.1091	0.1114	0.02105	0.1114	0.02105
3	195504785	rs55873702	G	C	0.1098	0.0803	0.1322	0.0979	0.0116	0.1076	0.1105	0.02368	0.1105	0.02368
3	195504870	rs73205734	A	G	0.0449	0.2319	0.0001033	0.2319	0.0001033	0.0444	0.1435	0.05431	0.1435	0.05431
3	195505072	rs2550252	C	T	0.4194	0.011	0.4541	0.011	0.4541	0.4225	0.0323	0.117	0.0323	0.07678
3	195505091	rs2688512	G	A	0.1699	0.0783	0.01694	0.0792	5.033e-05	0.1739	0.1071	7.145e-06	0.1071	7.145e-06
3	195505247	rs76650792	T	G	0.03	-0.0832	0.1463	-0.0802	0.1475	0.0299	-0.0674	0.4046	-0.0561	0.4094
3	195505417	rs2259419	G	A	0.4195	0.0106	0.4684	0.0106	0.4684	0.4227	0.0317	0.1209	0.0318	0.08038
3	195505664	rs2688513	G	A	0.1684	0.0785	0.0164	0.0788	5.086e-05	0.1722	0.107	6.626e-06	0.107	6.626e-06
3	195506037	rs78235075	T	G	0.4501	-0.0606	0.007425	-0.0599	0.003279	0.4473	-0.0765	0.002378	-0.0765	0.002378
3	195506189	rs2432533	G	A	0.0264	-0.0271	0.6701	-0.0271	0.6701	0.0253	0.0568	0.5393	0.0418	0.6053
3	195506258	rs11929196	T	G	0.0278	-0.0317	0.621	-0.0317	0.621	0.0266	0.0609	0.5209	0.042	0.6056
3	195506435	rs379344	G	T	0.1827	-0.0518	0.06113	-0.0518	0.06113	0.1835	-0.065	0.1262	-0.0626	0.06468
3	195506446	rs62282468	T	G	0.139	-0.0547	0.09044	-0.0547	0.09044	0.14	-0.0695	0.1628	-0.068	0.08624
3	195506652	rs62282469	G	A	0.332	-0.0501	0.01796	-0.0501	0.01796	0.3296	-0.0504	0.05231	-0.0504	0.05231
3	195507365	rs75737861	A	G	0.4287	-0.0562	0.1027	-0.0464	0.06198	0.4247	-0.0692	0.06239	-0.0659	0.03165
3	195507372	rs147904363	G	C	0.429	-0.061	0.07246	-0.0526	0.03595	0.425	-0.0717	0.03302	-0.0709	0.02177
3	195508537	rs73891106	A	G	0.5358	0.0693	0.02043	0.0627	0.00489	0.54	0.079	0.0158	0.0769	0.005212
3	195509429	rs28542401	A	G	0.502	0.0634	0.005676	0.0623	0.003605	0.5059	0.0769	0.003534	0.0769	0.003534
3	195509982	rs139395674	C	G	0.0168	-0.032	0.7197	-0.032	0.7197	NA	NA	NA	NA	NA
3	195510926	rs148494803	C	G	0.0085	-0.2719	0.06483	-0.2576	0.05857	NA	NA	NA	NA	NA
3	195511590	rs3103955	A	G	0.3291	0.1098	0.007439	0.1045	2.214e-05	0.3311	0.1461	6.899e-05	0.1408	2.738e-06
3	195513126	rs62282488	A	G	0.1674	-0.0394	0.07474	-0.0394	0.07474	0.1691	-0.0445	0.2554	-0.046	0.09067
3	195513270	rs2432528	G	C	0.2267	-0.0417	0.0757	-0.0417	0.0757	0.2284	-0.0468	0.2404	-0.0463	0.1087
3	195513365	rs62282501	A	G	0.1865	-0.0386	0.06511	-0.0386	0.06511	0.1881	-0.045	0.2202	-0.0454	0.07752
3	195514969	rs192133475	A	G	0.1401	0.0968	0.001628	0.0968	0.001628	0.1373	0.068	0.07739	0.068	0.07739
3	195515003	rs76196931	C	T	0.3116	-0.0842	0.002543	-0.0826	0.001121	0.312	-0.111	0.0006982	-0.11	0.0004303
3	195515295	rs79955220	C	A	0.1186	0.0981	0.001705	0.0981	0.001705	0.1166	0.0678	0.08296	0.0678	0.08296
3	195515315	rs71617321	A	G	0.4869	0.0409	0.1433	0.0332	0.09974	0.4908	0.0629	0.05533	0.0578	0.0202
3	195515340	rs79661483	A	G	0.3795	-0.0786	0.002812	-0.0738	0.0004536	0.3786	-0.1006	0.001892	-0.0954	0.0002477
3	195515550	rs59408218	C	G	0.0575	0.0245	0.7209	0.014	0.7778	0.0547	0.0701	0.4789	0.0333	0.6028
3	195515568	rs62282504	T	C	0.2493	0.0065	0.7561	0.0065	0.7561	0.2491	-0.01	0.7517	-0.0098	0.7026
3	195515594	rs13095016	C	G	0.1944	0.0851	0.04181	0.082	0.0003426	0.1944	0.1376	0.0004112	0.129	4.668e-06
3	195515617	rs2641776	G	C	0.0585	0.1388	0.02524	0.111	0.003503	0.0591	0.1228	0.007902	0.1228	0.007902
3	195516305	rs3749331	T	C	0.1683	-0.0335	0.1062	-0.0335	0.1062	0.1703	-0.0346	0.3452	-0.0376	0.1408
3	195516630	rs3103954	G	T	0.1691	0.0776	0.01435	0.075	0.0001199	0.1728	0.1094	4.321e-06	0.1094	4.321e-06
3	195516730	rs74547899	A	G	0.0257	-0.0118	0.8221	-0.0118	0.8221	NA	NA	NA	NA	NA
3	195516878	rs2177336	T	C	0.1744	0.0645	0.028	0.0659	0.0005709	0.1766	0.1024	1.285e-05	0.1024	1.285e-05
3	195516980	rs11923648	G	A	0.0253	0.0062	0.9258	-0.0024	0.9664	NA	NA	NA	NA	NA
3	195517124	rs1806440	A	G	0.1751	-0.0327	0.09309	-0.0327	0.09309	0.1773	-0.0359	0.2975	-0.0374	0.1186
3	195517258	rs1106502	G	A	0.1745	0.064	0.02778	0.0654	0.0006278	0.1767	0.1021	1.352e-05	0.1021	1.352e-05
3	195517321	rs1104760	G	A	0.1745	0.064	0.02772	0.0654	0.0006247	0.1767	0.1021	1.342e-05	0.1021	1.342e-05
3	195517553	rs882605	A	C	0.1744	0.064	0.02771	0.0655	0.0006192	0.1767	0.1023	1.321e-05	0.1023	1.321e-05
3	195517909	rs729593	T	G	0.1064	0.078	0.02013	0.0798	0.003032	0.1091	0.1374	2.874e-05	0.1374	2.874e-05
3	195518112	3:195518112:T_TGT	R	I	0.2265	0.0625	0.05653	0.0614	0.001489	0.2293	0.0953	5.81e-05	0.0953	5.81e-05
3	195518330	rs3107764	C	G	0.3942	0.0297	0.2005	0.0239	0.1369	0.3965	0.051	0.05575	0.0466	0.01939
3	195518550	rs111371408	G	T	0.1101	0.0844	0.001157	0.0844	0.001157	0.1094	0.0583	0.07103	0.0583	0.07103
3	195518578	rs112095545	T	C	0.1101	0.0844	0.001158	0.0844	0.001158	0.1094	0.0583	0.07106	0.0583	0.07106
3	195518607	rs9864221	G	A	0.1118	0.0724	0.02587	0.0752	0.003005	0.115	0.1276	3.472e-05	0.1276	3.472e-05
3	195518616	rs111715737	A	G	0.0947	0.0956	0.0008918	0.0956	0.0008918	0.0943	0.0661	0.06457	0.0661	0.06457
3	195518660	rs11925666	G	A	0.2298	-0.0311	0.1016	-0.0311	0.1016	0.2296	-0.0254	0.4571	-0.0348	0.1367
3	195518755	rs3107763	T	G	0.4786	-0.0592	0.003196	-0.0553	0.0005123	0.4776	-0.0741	0.001867	-0.0706	0.0003414
3	195519220	rs4927722	G	A	0.4778	-0.0595	0.002969	-0.0557	0.000477	0.4769	-0.0745	0.001773	-0.071	0.0003217
3	195519318	rs4927721	G	C	0.4137	0.0303	0.1918	0.024	0.1314	0.4153	0.0572	0.04126	0.0496	0.01202
3	195519521	rs2550264	G	T	0.1688	0.0776	0.01407	0.0749	0.0001207	0.1724	0.11	3.753e-06	0.11	3.753e-06
3	195519692	rs56394012	T	C	0.2078	-0.031	0.09869	-0.031	0.09869	0.2077	-0.0314	0.3086	-0.0351	0.1299
3	195519857	rs2688488	T	C	0.4326	-0.06	0.004344	-0.0581	0.000754	0.4318	-0.0758	0.001021	-0.0751	0.0004458
3	195520380	3:195520380:AAAT_	D	R	0.2984	0.0153	0.4028	0.0153	0.4028	0.2991	-1e-04	0.996	-3e-04	0.9905
3	195520381	3:195520381:AAT_A	D	R	0.2851	0.0106	0.5526	0.0106	0.5526	0.2855	-0.0068	0.8024	-0.0066	0.7632
3	195520597	rs3103953	A	G	0.1685	0.0784	0.01357	0.0757	0.0001047	0.1722	0.1117	2.67e-06	0.1117	2.67e-06
3	195520719	rs56065813	A	G	0.2958	0.0122	0.4798	0.0122	0.4798	0.296	-0.0075	0.7696	-0.0075	0.7238
3	195520807	rs11922145	T	A	0.1482	0.0718	0.00417	0.0718	0.00417	0.1466	0.0554	0.07688	0.0554	0.07688
3	195520980	rs75022003	T	A	0.239	0.0135	0.5311	0.0135	0.5311	0.2383	-0.0073	0.824	-0.0076	0.7744
3	195520989	3:195520989:TTAAA	D	R	0.4774	-0.0594	0.00265	-0.0559	0.0004612	0.4764	-0.0746	0.001463	-0.0717	0.0002848
3	195521448	rs62282506	C	G	0.3416	0.0109	0.5219	0.0109	0.5219	0.3408	-9e-04	0.9732	-0.0042	0.8407
3	195521531	rs9844491	T	C	0.478	-0.0593	0.002517	-0.0559	0.0004421	0.4771	-0.0745	0.001359	-0.0717	0.0002758
3	195521701	rs55871929	G	A	0.1857	-0.0315	0.1123	-0.0315	0.1123	0.1865	-0.0377	0.2795	-0.0406	0.0957
3	195522321	rs2550236	A	G	0.1687	0.0782	0.01374	0.0756	0.0001072	0.1726	0.1117	2.664e-06	0.1117	2.664e-06
3	195522555	rs2550239	A	G	0.1679	0.0787	0.00822	0.0767	8.425e-05	0.1717	0.1128	2.052e-06	0.1128	2.052e-06
3	195522690	rs3103952	T	C	0.1683	0.0782	0.008349	0.0762	8.751e-05	0.1722	0.1125	2.002e-06	0.1125	2.002e-06
3	195522714	3:195522714:GGGA_	R	D	0.246	0.1051	0.001822	0.0983	3.758e-06	0.25	0.1387	9.652e-08	0.1387	9.652e-08
3	195522715	3:195522715:GGA_G	R	D	0.1789	0.0885	0.005291	0.0862	2.068e-05	0.1824	0.1274	2.466e-07	0.1274	2.466e-07
3	195522716	3:195522716:GA_G	R	D	0.1643	0.0842	0.008413	0.0808	5.852e-05	0.168	0.1184	1.308e-06	0.1184	1.308e-06
3	195524234	rs73205742	A	G	0.1105	0.0857	0.0007944	0.0857	0.0007944	0.1092	0.0616	0.05304	0.0616	0.05304
3	195524256	rs3103951	C	T	0.1681	0.0801	0.006705	0.0783	6.275e-05	0.172	0.1136	1.791e-06	0.1136	1.791e-06
3	195525300	rs3096343	A	C	0.4921	-0.056	0.000281	-0.056	0.0002753	0.4908	-0.0678	0.0003729	-0.0678	0.0003729
3	195525393	rs3107746	C	T	0.2608	-0.0994	0.0006826	-0.0994	0.0006826	0.26	-0.1203	0.0008726	-0.1203	0.0008726
3	195525499	3:195525499:C_CG	I	R	0.4506	-0.0588	0.0005278	-0.0588	0.0005278	0.4495	-0.0745	0.0003823	-0.0745	0.0003823
3	195525585	rs189976380	A	T	0.0214	-0.0072	0.9033	-0.0072	0.9033	NA	NA	NA	NA	NA
3	195525746	rs56350323	A	C	0.0812	0.1054	0.001169	0.1054	0.001169	0.0808	0.0681	0.09209	0.0681	0.09209
3	195525747	rs55679308	A	C	0.0815	0.105	0.001174	0.105	0.001174	0.0811	0.068	0.09167	0.068	0.09167
3	195526162	rs2688528	G	A	0.4101	0.0392	0.0812	0.0335	0.03714	0.4123	0.0575	0.02471	0.0544	0.006195
3	195526667	rs2688522	C	T	0.1659	0.084	0.004969	0.0833	2.514e-05	0.17	0.1156	1.457e-06	0.1156	1.457e-06
3	195527018	rs2550267	A	G	0.4927	-0.0549	0.0003043	-0.0549	0.0003043	0.4915	-0.065	0.0005517	-0.065	0.0005517
3	195527414	rs60153093	T	C	0.0311	0.0063	0.9166	0.0014	0.9775	NA	NA	NA	NA	NA
3	195527471	rs2688515	C	T	0.4856	0.0558	0.0002853	0.055	0.0001625	0.4878	0.0631	0.0004737	0.0631	0.0004737
3	195528081	rs2550268	A	G	0.499	-0.0562	0.0002239	-0.0562	0.0002239	0.4978	-0.0651	0.0005551	-0.0651	0.0005551
3	195528085	rs73891113	T	C	0.1023	0.0816	0.001454	0.0816	0.001454	0.1019	0.0578	0.06933	0.0578	0.06933
3	195528088	rs2641774	C	G	0.4938	0.0581	0.0003616	0.0567	0.0001609	0.496	0.0648	0.0005002	0.0648	0.0005002
3	195528226	rs2641773	C	A	0.4853	0.0557	0.0002751	0.055	0.0001684	0.4875	0.0625	0.0005577	0.0625	0.0005577
3	195528304	3:195528304:TC_T	D	R	0.02	-0.0165	0.8186	-0.0165	0.8186	NA	NA	NA	NA	NA
3	195528712	rs62282508	T	C	0.1742	-0.0356	0.0873	-0.0356	0.0873	0.1756	-0.0416	0.2472	-0.043	0.09379
3	195529087	rs73085337	C	T	0.0485	-0.0112	0.8358	-0.0123	0.8135	0.0464	0.0186	0.8304	-0.0012	0.9854
3	195529118	rs2688482	T	C	0.314	0.1029	1.813e-05	0.0984	7.747e-09	0.3157	0.113	7.216e-08	0.113	7.216e-08
3	195529183	rs73085338	G	C	0.0387	-0.0022	0.9689	-0.0044	0.9321	0.0366	0.0325	0.7195	0.0089	0.8944
3	195529431	rs62282509	A	G	0.2054	-0.0301	0.1017	-0.0301	0.1017	0.2048	-0.0312	0.3044	-0.0353	0.1201
3	195529768	rs6791220	A	G	0.3215	0.0042	0.7979	0.0042	0.7979	0.3192	-0.0072	0.7323	-0.0073	0.719
3	195530277	rs74488358	T	C	0.0193	-0.0011	0.985	-0.0011	0.985	NA	NA	NA	NA	NA
3	195530349	3:195530349:T_TGG	I	R	0.0185	-0.0039	0.9498	-0.0039	0.9498	NA	NA	NA	NA	NA
3	195530660	rs3096340	T	G	0.4739	-0.0596	0.001311	-0.0565	0.0003696	0.4711	-0.0631	0.001323	-0.0631	0.001323
3	195530661	rs3096339	T	C	0.473	-0.0591	0.001552	-0.0559	0.000418	0.4701	-0.0622	0.001503	-0.0622	0.001503
3	195530971	rs2688496	A	G	0.1894	0.0786	0.007405	0.0754	6.106e-05	0.1951	0.0964	2.511e-05	0.0964	2.511e-05
3	195531004	rs115660429	A	C	0.0161	8e-04	0.9896	8e-04	0.9896	NA	NA	NA	NA	NA
3	195531729	rs2550256	C	T	0.3997	0.0298	0.1375	0.026	0.08291	0.4033	0.0414	0.08021	0.0394	0.03392
3	195531785	rs2688495	A	T	0.3996	0.0298	0.1382	0.026	0.08322	0.4033	0.0414	0.08	0.0394	0.03393
3	195531788	rs2550255	C	T	0.3996	0.0298	0.1381	0.026	0.08315	0.4032	0.0413	0.08015	0.0394	0.03406
3	195531805	rs2688494	C	A	0.3981	0.0276	0.1576	0.0242	0.1056	0.402	0.039	0.08325	0.0378	0.04187
3	195531841	rs2641772	G	A	0.3987	0.0271	0.16	0.0237	0.109	0.4029	0.0371	0.09082	0.036	0.04974
3	195532681	rs9875050	C	T	0.1899	0.0765	0.006999	0.0748	5.658e-05	0.1954	0.0939	3.26e-05	0.0939	3.26e-05
3	195532790	rs78199530	C	T	0.2112	-0.0342	0.06313	-0.0342	0.06313	0.2099	-0.0346	0.2254	-0.0366	0.1068
3	195533193	rs62282510	C	G	0.1783	-0.0336	0.09335	-0.0336	0.09335	0.1791	-0.0395	0.2509	-0.0406	0.0991
3	195533332	rs3096337	C	T	0.1898	0.0766	0.00695	0.0748	5.562e-05	0.1954	0.094	3.211e-05	0.094	3.211e-05
3	195533942	rs3103950	C	T	0.3986	0.0298	0.1378	0.0261	0.08139	0.4026	0.0399	0.08433	0.0385	0.03817
3	195534013	rs3096336	G	A	0.4009	0.0299	0.134	0.0261	0.07986	0.4048	0.0403	0.08172	0.0386	0.03669
3	195534111	rs3096335	G	A	0.4025	0.0297	0.1373	0.0259	0.08284	0.4064	0.0402	0.08377	0.0384	0.03789
3	195534413	rs859769	G	T	0.4009	0.0299	0.1336	0.0261	0.07941	0.4048	0.0404	0.08146	0.0387	0.03635
3	195535324	rs842462	G	A	0.4006	0.0278	0.1619	0.0242	0.107	0.4047	0.0386	0.09134	0.0374	0.04487
3	195535437	rs3103949	G	A	0.4008	0.0299	0.1329	0.0262	0.08009	0.4047	0.0407	0.08089	0.039	0.03544
3	195535466	rs2688530	T	C	0.1936	0.0715	0.008544	0.0712	0.0001363	0.1986	0.0928	4.64e-05	0.0928	4.64e-05
3	195535614	rs842461	G	T	0.1884	0.0781	0.006852	0.0753	5.872e-05	0.1942	0.0941	3.728e-05	0.0941	3.728e-05
3	195536040	rs842460	C	T	0.4021	0.0304	0.1287	0.0267	0.07452	0.4059	0.0415	0.07787	0.0398	0.03179
3	195536430	rs73891120	T	C	0.0265	0.0014	0.981	0.0014	0.981	NA	NA	NA	NA	NA
3	195536442	3:195536442:AG_A	D	R	0.0173	-0.0041	0.9523	-0.0041	0.9523	NA	NA	NA	NA	NA
3	195536479	rs842459	T	C	0.1882	0.0783	0.006805	0.0756	5.968e-05	0.1941	0.0945	3.748e-05	0.0945	3.748e-05
3	195536801	rs842458	C	A	0.188	0.0783	0.006821	0.0756	6.122e-05	0.1939	0.0945	3.87e-05	0.0945	3.87e-05
3	195537115	rs62282512	G	A	0.178	-0.0404	0.05141	-0.0404	0.05141	0.1792	-0.0428	0.2315	-0.043	0.09205
3	195537121	rs2688532	C	T	0.3955	0.031	0.1306	0.0271	0.07525	0.3994	0.0428	0.07254	0.0409	0.03028
3	195537359	rs76770075	T	C	0.1743	-0.0365	0.07644	-0.0365	0.07644	0.1757	-0.042	0.2436	-0.0436	0.08482
3	195537400	rs842457	A	G	0.3992	0.0308	0.128	0.027	0.07352	0.4031	0.0417	0.07725	0.04	0.03272
3	195537419	rs78459919	G	C	0.173	-0.0349	0.08898	-0.0349	0.08898	0.1744	-0.0404	0.2625	-0.0421	0.0949
3	195537538	rs78134029	T	G	0.1763	-0.0343	0.09083	-0.0343	0.09083	0.1773	-0.0393	0.2626	-0.0403	0.1062
3	195537542	rs79823639	A	G	0.1762	-0.0343	0.09076	-0.0343	0.09076	0.1773	-0.0393	0.2623	-0.0403	0.1061
3	195537660	rs79077800	A	G	0.1744	-0.0354	0.08169	-0.0354	0.08169	0.1758	-0.0405	0.2567	-0.0421	0.09149
3	195538014	3:195538014:TTATA	D	R	0.2659	0.018	0.3508	0.018	0.3508	0.2706	0.0359	0.1602	0.0359	0.1287
3	195538105	rs111232992	T	C	0.0323	0.0018	0.975	-0.0021	0.9671	NA	NA	NA	NA	NA
3	195538106	rs62282513	A	G	0.1809	-0.0396	0.0503	-0.0396	0.0503	0.1814	-0.0426	0.2206	-0.0434	0.08022
3	195538111	rs112242983	A	C	0.1003	0.0907	0.001809	0.0907	0.001809	0.1	0.0636	0.07765	0.0636	0.07765
3	195538362	rs59567466	C	T	0.0322	0	0.9996	-0.004	0.9372	NA	NA	NA	NA	NA
3	195538529	rs62282514	A	G	0.1749	-0.0356	0.08009	-0.0356	0.08009	0.1763	-0.0408	0.2542	-0.0424	0.08992
3	195538718	rs73085353	A	G	0.0328	0.0023	0.9683	-0.0017	0.9732	NA	NA	NA	NA	NA
3	195538901	rs9832033	T	C	0.1091	0.0865	0.001075	0.0867	0.0007332	0.113	0.1275	3.971e-05	0.1275	3.971e-05
3	195539392	rs76284084	T	G	0.014	4e-04	0.995	4e-04	0.995	NA	NA	NA	NA	NA
3	195540146	rs60632417	G	A	0.2036	-0.0299	0.1125	-0.0299	0.1125	0.2027	-0.0304	0.341	-0.0349	0.1333
3	195540616	rs2641771	C	T	0.4038	0.0311	0.1247	0.0273	0.07532	0.4076	0.0426	0.07241	0.0407	0.03199
3	195540627	rs62282516	C	A	0.2166	-0.0328	0.07887	-0.0328	0.07887	0.2146	-0.0327	0.2714	-0.035	0.1282
3	195540958	rs2688533	T	C	0.1896	0.08	0.004834	0.077	6.074e-05	0.1955	0.0963	3.753e-05	0.0963	3.753e-05
3	195541363	rs17859810	A	G	0.1848	-0.0343	0.09002	-0.0343	0.09002	0.1852	-0.0415	0.2295	-0.0434	0.08104
3	195541384	rs17859809	T	C	0.2075	-0.03	0.1108	-0.03	0.1108	0.2064	-0.0309	0.3285	-0.0353	0.1281
3	195541452	rs2641770	T	C	0.1884	0.0799	0.005485	0.0769	6.129e-05	0.1943	0.0963	3.676e-05	0.0963	3.676e-05
3	195541687	rs9819459	T	C	0.2869	-0.0858	0.002896	-0.0822	0.00158	0.2846	-0.0885	0.005972	-0.0885	0.005972
3	195541954	rs2550287	T	G	0.1893	0.0812	0.005719	0.0782	6.587e-05	0.1951	0.098	3.966e-05	0.098	3.966e-05
3	195543423	rs62282518	C	G	0.1462	-0.0617	0.06755	-0.0617	0.06755	0.1444	-0.0608	0.274	-0.0727	0.08334
3	195543944	rs3107742	A	C	0.4674	-0.0461	0.1565	-0.0394	0.09291	0.4646	-0.0576	0.1251	-0.0548	0.05915
3	195544044	rs56156329	T	C	0.2098	-0.045	0.06609	-0.045	0.06609	0.2087	-0.0526	0.1734	-0.056	0.0635
3	195544298	rs2550265	C	T	0.2086	0.1028	0.003957	0.1041	7.498e-05	0.2132	0.1333	2.934e-05	0.1333	2.934e-05
3	195544347	rs56144737	T	C	0.1604	-0.0558	0.06841	-0.0558	0.06841	0.1601	-0.0707	0.1616	-0.0735	0.05062
3	195545442	rs2641769	G	C	0.4289	0.0345	0.2868	0.0354	0.1449	0.4333	0.0627	0.07138	0.0644	0.03122
3	195545554	3:195545554:TG_T	D	R	0.1814	-0.0635	0.04064	-0.0635	0.04064	0.1814	-0.0714	0.1816	-0.0741	0.05281
3	195545555	rs9825756	A	G	0.3744	0.0126	0.5863	0.0126	0.5863	0.3774	0.0403	0.2614	0.0442	0.1189
3	195545556	rs77022840	C	A	0.1861	-0.0632	0.02745	-0.0632	0.02745	0.1862	-0.0736	0.1347	-0.0757	0.03161
3	195546437	rs13066158	A	G	0.1964	0.0856	0.005736	0.0858	0.0001821	0.2021	0.1092	8.561e-05	0.1092	8.561e-05
3	195546874	rs3103948	A	C	0.202	0.0855	0.004877	0.0858	0.0002027	0.2077	0.1104	8.067e-05	0.1104	8.067e-05
3	195547227	rs3096342	A	G	0.1907	0.0846	0.005615	0.0846	0.0002143	0.1966	0.1086	8.872e-05	0.1086	8.872e-05
3	195547682	rs7630562	A	T	0.1964	-0.0419	0.08735	-0.0419	0.08735	0.1963	-0.0452	0.2703	-0.0527	0.08133
3	195548136	rs73891133	T	C	0.1717	-0.0495	0.07769	-0.05	0.0685	0.1723	-0.0629	0.2216	-0.0722	0.03301
3	195548316	rs842218	G	C	0.1641	0.0775	0.006787	0.0783	0.0006901	0.1705	0.1036	0.0002096	0.1036	0.0002096
3	195549183	rs62282520	T	G	0.2044	-0.0416	0.08821	-0.0416	0.08821	0.2041	-0.0451	0.2728	-0.0531	0.07806
3	195549817	rs842216	T	C	0.1654	0.0767	0.007022	0.0777	0.0006547	0.1718	0.1025	0.000209	0.1025	0.000209
3	195549923	rs864000	C	G	0.1739	0.0781	0.007714	0.0789	0.0006181	0.1802	0.1045	0.0001845	0.1045	0.0001845
3	195550055	rs842215	A	G	0.1971	0.0819	0.006208	0.0825	0.0004743	0.2034	0.1053	0.0002333	0.1053	0.0002333
3	195550320	rs859700	C	A	0.1655	0.0764	0.007151	0.0774	0.0006736	0.1719	0.1023	0.0002117	0.1023	0.0002117
3	195550366	rs11711870	T	C	0.0976	0.073	0.003408	0.073	0.003408	0.1019	0.1122	0.000194	0.1122	0.000194
3	195551251	rs7623957	C	T	0.2098	-0.0423	0.08696	-0.0423	0.08696	0.2094	-0.0463	0.2706	-0.0555	0.06874
3	195552195	rs6778175	A	C	0.1841	0.0947	0.000453	0.0951	8.602e-05	0.1896	0.1137	0.0001096	0.1137	0.0001096
3	195552216	rs6781229	T	C	0.1995	0.0922	0.0006181	0.0925	0.0001349	0.2053	0.1112	0.0001545	0.1112	0.0001545
3	195552997	rs56195827	G	A	0.1746	-0.0431	0.1122	-0.0431	0.1122	0.1746	-0.0453	0.3376	-0.0556	0.09743
3	195553184	rs3107745	A	T	0.1656	0.0793	0.005093	0.0796	0.000758	0.1718	0.1056	0.0002301	0.1056	0.0002301
3	195553199	rs3103946	G	A	0.1651	0.0793	0.005086	0.0796	0.00076	0.1714	0.1055	0.0002322	0.1055	0.0002322
3	195553259	rs2550257	T	C	0.1608	0.0786	0.005024	0.0786	0.001195	0.1668	0.106	0.0003134	0.106	0.0003134
3	195553402	rs55813550	G	A	0.3143	-0.064	0.01321	-0.064	0.01321	0.3133	-0.0763	0.05248	-0.0784	0.01372
3	195553436	rs2641768	A	G	0.1437	0.0724	0.007365	0.0723	0.003858	0.1491	0.1018	0.0007805	0.1018	0.0007805
3	195554548	rs7632962	G	A	0.3228	-0.0594	0.01979	-0.0594	0.01979	0.3208	-0.0659	0.115	-0.0702	0.025
3	195554812	rs9868108	C	A	0.1628	0.0806	0.003188	0.0809	0.0008207	0.1687	0.108	0.0002303	0.108	0.0002303
3	195554864	rs9872859	C	T	0.1641	0.081	0.003271	0.0812	0.0007893	0.1701	0.1083	0.000223	0.1083	0.000223
3	195555342	rs9865206	A	C	0.1597	0.0838	0.004124	0.0842	0.0008352	0.1654	0.1123	0.0002423	0.1123	0.0002423
3	195555533	rs9873016	G	A	0.1793	0.0759	0.007194	0.0758	0.001336	0.1844	0.1073	0.0001915	0.1073	0.0001915
3	195556380	rs62283264	A	G	0.0682	0.0666	0.1691	0.0637	0.1593	0.0702	0.0291	0.592	0.0291	0.592
3	195557400	rs78227644	A	G	0.0677	0.0691	0.1642	0.0651	0.1514	0.0698	0.0296	0.5869	0.0296	0.5869
3	195557870	rs9876816	T	C	0.3436	-0.0733	0.003906	-0.0733	0.003906	0.3429	-0.0781	0.01237	-0.0781	0.01237
3	195558244	rs7645836	A	T	0.1497	-0.0596	0.2025	-0.0421	0.2153	0.1502	-0.0173	0.7315	-0.0078	0.8525
3	195558752	rs13327464	T	C	0.2165	-0.0346	0.2548	-0.0285	0.194	0.2156	-0.0184	0.5781	-0.0139	0.6081
3	195558777	rs62283267	C	T	0.0678	0.0795	0.1393	0.0749	0.1218	0.0697	0.0362	0.5335	0.0362	0.5335
3	195558839	rs62283268	A	G	0.1915	-0.0454	0.068	-0.0454	0.068	0.1907	-0.056	0.1928	-0.0661	0.03207
3	195558923	rs6787610	A	G	0.3469	-0.025	0.4303	-0.0327	0.1894	0.3447	-0.0363	0.4326	-0.0532	0.0873
3	195559010	rs13327577	A	C	0.2742	-0.0324	0.2015	-0.0266	0.1337	0.2734	-0.0209	0.4808	-0.0148	0.5012
3	195559026	rs6583215	A	T	0.465	-0.0523	0.004991	-0.0523	0.004991	0.4631	-0.0496	0.0307	-0.0496	0.0307
3	195559179	rs9882659	T	C	0.1935	-0.0354	0.2401	-0.0313	0.1917	0.1934	-0.0077	0.8161	-0.006	0.8387
3	195559939	rs6800709	T	C	0.2906	-0.0279	0.2068	-0.0239	0.1356	0.2896	-0.0175	0.5184	-0.0122	0.5367
3	195560463	rs113583515	T	C	0.1896	-0.0481	0.06166	-0.0481	0.06166	0.1886	-0.0602	0.1676	-0.0712	0.02577
3	195560546	rs72499652	A	G	0.1936	-0.0454	0.07069	-0.0454	0.07069	0.1927	-0.0576	0.1889	-0.0688	0.02717
3	195560595	rs55706330	C	G	0.1375	-0.0341	0.4764	-0.0261	0.4409	0.1379	0.0143	0.7794	0.0176	0.6732
3	195562838	rs62283271	T	C	0.1858	-0.059	0.06817	-0.059	0.06817	0.1851	-0.0827	0.1138	-0.0957	0.01693
3	195563248	rs73205778	A	G	0.1413	-0.0102	0.827	-0.0081	0.8216	0.1407	0.003	0.9523	4e-04	0.9923
3	195564325	rs9817035	A	T	0.5467	-0.047	0.07532	-0.047	0.07532	0.5455	-0.0736	0.0232	-0.0736	0.0232
3	195564643	rs55716760	C	G	0.1995	-0.0484	0.05732	-0.0484	0.05732	0.1989	-0.0667	0.1057	-0.0713	0.02347
3	195564946	rs6583222	A	G	0.4175	0.0263	0.2791	0.0263	0.2791	0.416	0.0279	0.356	0.0279	0.356
3	195565081	rs78158595	C	T	0.1611	-0.0546	0.03958	-0.0546	0.03958	0.1624	-0.0799	0.06872	-0.0811	0.01305
3	195565450	rs6583223	A	G	0.4273	0.014	0.579	0.014	0.579	0.4246	0.0227	0.4646	0.0227	0.4646
3	195565633	rs11709610	C	T	0.3663	0.0394	0.1259	0.0394	0.1259	0.369	0.063	0.04507	0.063	0.04507
3	195565666	rs11185473	A	G	0.3607	0.0036	0.8956	0.0054	0.8343	0.3584	0.0082	0.7964	0.0082	0.7964
3	195565672	rs79881007	A	G	0.04	-0.0464	0.3138	-0.0464	0.3138	0.0411	-0.0564	0.3097	-0.0564	0.3097
3	195565827	rs9827840	T	G	0.352	0.0047	0.8593	0.0057	0.8228	0.3499	0.0079	0.8026	0.0079	0.8026
3	195567256	rs112379330	C	T	0.3578	0.0392	0.129	0.0392	0.129	0.3608	0.0638	0.04281	0.0638	0.04281
3	195567278	rs62283282	G	T	0.0302	-0.0477	0.4413	-0.0477	0.4413	0.0295	-0.014	0.858	-0.014	0.858
3	195567349	rs2372411	C	T	0.3787	0.0061	0.8242	0.0081	0.7494	0.3763	0.0074	0.8141	0.0074	0.8141
3	195567415	rs76109117	T	C	0.3541	0.0416	0.1007	0.0416	0.1007	0.3571	0.0644	0.03716	0.0644	0.03716
3	195568440	rs9838429	T	A	0.3553	0.0404	0.1094	0.0404	0.1094	0.3581	0.0635	0.03915	0.0635	0.03915
3	195569253	rs147599558	T	C	0.0208	-0.0133	0.8382	-0.0133	0.8382	NA	NA	NA	NA	NA
3	195569287	rs7618936	G	A	0.3184	-0.0285	0.2044	-0.0285	0.2044	0.3177	-0.0508	0.1906	-0.0514	0.06363
3	195569371	rs6583227	C	T	0.37	-0.0355	0.1031	-0.0355	0.1031	0.37	-0.0607	0.1284	-0.0592	0.02765
3	195569595	3:195569595:CA_C	D	R	0.0432	-0.0426	0.4727	-0.0426	0.4727	0.0417	-0.0292	0.6964	-0.0292	0.6964
3	195569596	3:195569596:AC_A	D	R	0.0442	-0.0472	0.4267	-0.0472	0.4267	0.0427	-0.0313	0.6762	-0.0313	0.6762
3	195569644	3:195569644:CCTTT	D	R	0.3283	-0.0284	0.2122	-0.0284	0.2122	0.3276	-0.0466	0.2525	-0.0489	0.08158
3	195569648	3:195569648:TTC_T	D	R	0.3326	-0.0288	0.2303	-0.0288	0.2303	0.3322	-0.0459	0.2899	-0.0498	0.09258
3	195569734	rs62283283	G	A	0.3241	-0.0268	0.2458	-0.0268	0.2458	0.3234	-0.0468	0.2417	-0.048	0.09176
3	195569769	rs73087303	T	C	0.312	-0.0324	0.1575	-0.0324	0.1575	0.3113	-0.0509	0.2302	-0.054	0.05563
3	195570249	rs111233206	T	C	0.0395	-0.0431	0.3409	-0.0431	0.3409	0.0406	-0.0542	0.3186	-0.0542	0.3186
3	195570341	rs77685804	T	C	0.0275	-0.0432	0.4862	-0.0432	0.4862	0.0268	-0.0053	0.946	-0.0053	0.946
3	195571024	rs6806773	A	G	0.2259	-0.0117	0.6279	-0.0083	0.642	0.2255	-0.01	0.6497	-0.01	0.6497
3	195571143	3:195571143:GGAA_	R	D	0.2415	-0.0154	0.5533	-0.0154	0.5533	0.2397	-0.0132	0.6924	-0.0134	0.6762
3	195571483	rs57244687	C	T	0.0488	-0.0199	0.7532	-0.0165	0.772	0.0472	0.031	0.6662	0.031	0.6662
3	195571850	rs6795999	A	G	0.0991	-0.0064	0.8877	-0.0132	0.6932	0.0961	-0.0254	0.6715	-0.0275	0.5122
3	195572086	rs71321855	C	T	0.2159	0.0261	0.1641	0.0261	0.1641	0.2206	0.0446	0.06311	0.043	0.05862
3	195572334	rs34658154	T	G	0.3153	-0.0392	0.01969	-0.0392	0.01969	0.3133	-0.0488	0.01884	-0.0488	0.01884
3	195572590	rs13076424	T	C	0.0753	0.0051	0.8743	0.0051	0.8743	0.0724	-0.0083	0.8375	-0.0083	0.8375
3	195572624	rs6764784	A	C	0.3112	0.0085	0.7318	0.0211	0.1915	0.3119	0.0043	0.8924	0.0237	0.2336
3	195572928	rs73205783	G	C	0.0437	0.0126	0.7904	0.0126	0.7904	0.0422	0.0031	0.9582	0.0031	0.9582
3	195573202	rs9832880	G	A	0.2186	0.0235	0.1972	0.0235	0.1972	0.2234	0.0429	0.09136	0.0393	0.07667
3	195573324	rs903196	C	T	0.3066	0.0091	0.7073	0.0211	0.1835	0.3074	0.0047	0.8785	0.0232	0.2339
3	195573787	rs889581	A	C	0.3115	0.0081	0.7452	0.0214	0.1792	0.3126	0.0053	0.8613	0.0231	0.2378
3	195574236	rs35889862	A	G	0.1434	-0.0108	0.693	-0.0112	0.6299	0.1397	-0.0015	0.9614	-0.0035	0.9027
3	195574290	rs59716752	C	A	0.1796	-0.0263	0.3728	-0.0258	0.298	0.1754	-0.0212	0.4914	-0.0212	0.4914
3	195574389	rs35611017	G	T	0.3158	-0.0388	0.01983	-0.0388	0.01983	0.3132	-0.0474	0.0212	-0.0474	0.0212
3	195574526	rs12632610	T	C	0.3197	0.0237	0.2419	0.0199	0.2322	0.321	0.0338	0.1891	0.0283	0.1653
3	195574949	rs34530970	T	C	0.1184	-0.0102	0.746	-0.0095	0.7251	0.115	0.0025	0.9405	0.0025	0.9405
3	195575073	rs11713826	G	T	0.0429	-0.0311	0.4269	-0.0311	0.4269	0.0439	-0.0461	0.3309	-0.0461	0.3309
3	195575392	rs9681940	A	C	0.3129	-0.038	0.02151	-0.038	0.02151	0.3104	-0.0469	0.02169	-0.0469	0.02169
3	195575397	rs11709126	C	G	0.298	0.0179	0.3535	0.016	0.351	0.3024	0.0299	0.2419	0.0255	0.2239
3	195575466	rs56117409	A	G	0.0756	0.104	0.1229	0.1409	0.0007101	0.0764	0.058	0.5026	0.1241	0.01469
3	195575557	rs6808993	G	A	0.4547	-0.0034	0.8956	0.0066	0.7105	0.4522	-0.0118	0.7164	0.0035	0.8739
3	195575909	rs13317092	A	G	0.2153	0.0253	0.1605	0.0253	0.1605	0.2203	0.0442	0.06135	0.042	0.05498
3	195576226	rs6775636	C	A	0.1396	-0.0094	0.717	-0.0097	0.6717	0.1358	-9e-04	0.9737	-0.0011	0.9705
3	195576333	rs7611259	G	C	0.3129	0.0099	0.6713	0.0199	0.2249	0.3135	0.0075	0.7947	0.0223	0.2682
3	195576563	rs34235578	G	C	0.3116	-0.0383	0.02253	-0.0383	0.02253	0.3088	-0.0476	0.02173	-0.0476	0.02173
3	195576719	rs112058931	A	G	0.1995	-0.0482	0.01889	-0.0482	0.01889	0.2004	-0.0615	0.03614	-0.062	0.01414
3	195576976	rs113276150	G	T	0.051	-0.021	0.5702	-0.021	0.5702	0.0512	-0.0362	0.4215	-0.0362	0.4215
3	195577152	rs6779061	C	A	0.0265	-0.0479	0.4786	-0.0475	0.4605	0.0262	-0.1047	0.2875	-0.1005	0.2062
3	195577198	rs11713561	T	C	0.0499	-0.0219	0.5587	-0.0219	0.5587	0.0502	-0.037	0.4169	-0.037	0.4169
3	195577518	rs6583240	A	G	0.2387	0.0227	0.2012	0.0227	0.2012	0.2437	0.037	0.08676	0.0369	0.08666
3	195577630	rs9858622	G	A	0.3436	0.0218	0.2361	0.0184	0.2264	0.3457	0.0275	0.2005	0.0249	0.1834
3	195578096	rs11185476	T	C	0.3439	0.0211	0.2516	0.0178	0.2438	0.346	0.0271	0.2077	0.0245	0.1913
3	195578524	3:195578524:C_CT	I	R	0.1614	-0.0141	0.6141	-0.0135	0.5512	0.1575	-0.0055	0.8519	-0.0072	0.7974
3	195578649	rs60941675	A	T	0.0285	-0.0202	0.8224	-0.0268	0.7044	0.0275	-0.0648	0.6154	-0.058	0.5097
3	195578656	rs7633537	T	A	0.6333	-0.0216	0.2972	-0.0155	0.3178	0.6314	-0.0251	0.2958	-0.0205	0.2806
3	195578727	rs7617767	G	T	0.6729	-0.0256	0.1975	-0.0214	0.1848	0.6719	-0.0333	0.1541	-0.0294	0.1369
3	195579014	rs7626847	T	C	0.0502	0.0076	0.8498	0.0076	0.8498	0.0482	-0.0013	0.9803	-0.0013	0.9803
3	195579809	rs9847298	A	G	0.2128	0.0233	0.1879	0.0233	0.1879	0.2182	0.0423	0.0683	0.0401	0.06196
3	195580155	rs34542530	G	A	0.3317	-0.0407	0.01442	-0.0407	0.01442	0.3289	-0.0507	0.01347	-0.0507	0.01347
3	195580823	rs9325398	C	G	0.291	0.0132	0.6117	0.0256	0.1291	0.2916	0.0108	0.7401	0.0301	0.1484
3	195580879	rs6801291	G	C	0.0251	-0.0517	0.4444	-0.0518	0.4287	0.0248	-0.0925	0.3202	-0.0889	0.2709
3	195581228	rs12496428	A	G	0.2914	0.0244	0.1542	0.0238	0.15	0.293	0.0368	0.09711	0.0346	0.08864
3	195581550	3:195581550:TAGC_	D	R	0.0291	-0.0282	0.7253	-0.033	0.6065	0.0284	-0.0645	0.5634	-0.059	0.4546
3	195582246	rs7653150	G	A	0.0526	-0.031	0.4043	-0.031	0.4043	0.0529	-0.0443	0.3289	-0.0443	0.3289
3	195582353	rs112730707	G	A	0.1767	-0.0535	0.01028	-0.0535	0.01028	0.1777	-0.0766	0.0119	-0.0756	0.003184
3	195582730	rs55999413	C	G	0.0249	-0.0522	0.4428	-0.0522	0.4243	0.0247	-0.0943	0.3136	-0.0903	0.2629
3	195582825	rs78732248	G	A	0.0508	-0.0237	0.5251	-0.0237	0.5251	0.0511	-0.0382	0.4001	-0.0382	0.4001
3	195582961	rs12631116	G	C	0.214	0.0234	0.1907	0.0234	0.1907	0.2193	0.0416	0.0704	0.04	0.0655
3	195583151	rs4927786	A	G	0.1591	-0.0129	0.6518	-0.0119	0.5999	0.1551	-0.0027	0.9264	-0.0042	0.8796
3	195583394	rs76661144	C	G	0.0774	0.0029	0.9243	0.0029	0.9243	0.0745	-0.0147	0.7058	-0.0147	0.7058
3	195583501	rs73087309	G	A	0.0303	-0.0257	0.7563	-0.0309	0.627	0.0294	-0.0672	0.5577	-0.0594	0.4501
3	195584424	3:195584424:A_ATC	R	I	0.3817	-0.0012	0.9663	0.0104	0.5954	0.3829	-0.0174	0.6455	0.006	0.8034
3	195584540	rs12490822	G	A	0.0747	2e-04	0.9941	2e-04	0.9941	0.0719	-0.0128	0.7475	-0.0128	0.7475
3	195584669	rs114851012	T	C	0.1705	-0.0531	0.01255	-0.0531	0.01255	0.1715	-0.0753	0.01382	-0.0743	0.004507
3	195584842	rs1967121	A	G	0.3742	0.0124	0.6874	0.023	0.2808	0.3734	0.0194	0.5811	0.0296	0.259
3	195585386	rs4927787	A	T	0.1609	-0.012	0.6704	-0.0113	0.6171	0.157	-0.0029	0.9214	-0.004	0.8851
3	195585899	rs1862768	C	G	0.5073	0.0403	0.01251	0.0409	0.008308	0.5135	0.0521	0.02295	0.055	0.003838
3	195586256	rs4927719	A	G	0.1578	-0.0109	0.7076	-0.0102	0.6625	0.1543	-0.0026	0.9318	-0.0039	0.8938
3	195586341	rs7623559	G	A	0.1248	-0.0133	0.5862	-0.0133	0.5862	0.1226	-0.0238	0.4294	-0.0238	0.4294
3	195586589	rs9844652	C	A	0.2374	-0.0173	0.4364	-0.0224	0.1976	0.2332	-0.0272	0.4534	-0.0395	0.06627
3	195587099	rs7619906	T	C	0.0303	-0.0219	0.7651	-0.0218	0.7157	0.0293	-0.0488	0.6397	-0.0425	0.5636
3	195587257	rs6583249	A	G	0.2482	-0.0416	0.03157	-0.0416	0.03157	0.2459	-0.0594	0.01615	-0.0594	0.01258
3	195587624	3:195587624:CAT_C	D	R	0.0569	-0.0329	0.6954	-0.0251	0.6572	0.0578	-0.0371	0.6862	-0.0356	0.6069
3	195587886	rs6583250	G	A	0.0706	0.0048	0.8911	0.0048	0.8911	0.068	0.0048	0.9116	0.0048	0.9116
3	195588490	rs7625595	T	C	0.0706	0.0047	0.8936	0.0047	0.8936	0.068	0.0059	0.8939	0.0059	0.8939
3	195588633	rs73087316	T	C	0.026	-0.0221	0.7527	-0.0226	0.7124	0.0252	-0.0457	0.6268	-0.044	0.5576
3	195589041	rs1472234	C	G	0.4947	0.0399	0.01836	0.0408	0.01133	0.5009	0.0481	0.06326	0.0542	0.006128
3	195589193	3:195589193:C_CT	I	R	0.4296	-0.0416	0.01001	-0.0416	0.01001	0.4264	-0.0524	0.03163	-0.0561	0.004892
3	195589310	3:195589310:AAGT_	D	R	0.173	-0.0474	0.02397	-0.0474	0.02397	0.1735	-0.0682	0.03463	-0.0679	0.008585
3	195589589	rs76223989	C	T	0.071	0.0037	0.918	0.0037	0.918	0.0684	0.0067	0.8798	0.0067	0.8798
3	195589617	rs77539910	A	G	0.0711	0.0041	0.9074	0.0041	0.9074	0.0684	0.0064	0.8849	0.0064	0.8849
3	195589762	rs6773702	A	G	0.176	-0.0469	0.0233	-0.0469	0.0233	0.1766	-0.0683	0.02964	-0.0679	0.007606
3	195589770	rs2344654	A	G	0.3386	0.02	0.4268	0.0283	0.135	0.3404	0.0174	0.5552	0.0292	0.2096
3	195589790	rs73891159	T	C	0.1736	-0.0468	0.02369	-0.0468	0.02369	0.1742	-0.0686	0.026	-0.0681	0.007466
3	195590875	rs6773526	A	G	0.2761	0.0268	0.3629	0.0404	0.04171	0.278	0.0164	0.6454	0.0376	0.1228
3	195591056	rs13433937	T	C	0.0446	-0.0295	0.4394	-0.0295	0.4394	0.0455	-0.0316	0.494	-0.0316	0.494
3	195591398	rs111478609	G	C	0.0567	-0.0244	0.4931	-0.0244	0.4931	0.0577	-0.0285	0.5075	-0.0285	0.5075
3	195591527	rs3890033	C	T	0.3728	-0.0452	0.09433	-0.0499	0.02361	0.3677	-0.047	0.1854	-0.0576	0.03376
3	195591563	rs3890034	A	G	0.174	-0.0066	0.7977	-0.0081	0.723	0.1702	-0.0033	0.9082	-0.0035	0.901
3	195591723	rs114951929	A	G	0.0763	0.1265	0.06241	0.1595	0.0004405	0.0775	0.0824	0.3503	0.1443	0.008821
3	195592282	rs3893768	T	C	0.1784	-0.016	0.5962	-0.0171	0.4536	0.1741	-0.0068	0.8213	-0.0095	0.7391
3	195592570	3:195592570:A_AC	I	R	0.05	-0.0292	0.432	-0.0292	0.432	0.0507	-0.0306	0.4983	-0.0306	0.4983
3	195592818	rs55920263	G	C	0.1747	-0.0444	0.03321	-0.0444	0.03321	0.1752	-0.068	0.03178	-0.0677	0.008314
3	195593290	rs60186332	G	T	0.0249	-0.0109	0.8889	-0.012	0.8422	0.024	-0.0427	0.6561	-0.0402	0.5869
3	195593398	rs733119	G	T	0.2555	-0.0335	0.1071	-0.0364	0.02922	0.2554	-0.0512	0.0905	-0.0536	0.009191
3	195593677	rs73891160	C	G	0.1756	-0.0448	0.02743	-0.0448	0.02743	0.1762	-0.0667	0.02591	-0.0661	0.008035
3	195594151	3:195594151:CCT_C	D	R	0.1792	-0.0145	0.6609	-0.0119	0.6176	0.1749	-0.0017	0.9562	-0.0033	0.9121
3	195594805	rs1056749	G	A	0.1799	-0.0446	0.02835	-0.0446	0.02835	0.1806	-0.0663	0.03119	-0.0655	0.008835
3	195594950	rs56260729	A	G	0.2221	-0.035	0.1241	-0.035	0.1241	0.2178	-0.0482	0.09013	-0.0482	0.09013
3	195595054	rs7516	T	C	0.1091	-0.0581	0.1414	-0.0589	0.08452	0.1094	-0.0729	0.1464	-0.0685	0.1006
3	195595701	rs78292793	T	C	0.0681	-0.0187	0.6684	-0.0187	0.6684	0.0661	-0.0231	0.718	-0.0233	0.6686
3	195596237	rs62283330	A	G	0.2292	-0.0176	0.578	-0.0195	0.3748	0.2229	-0.0047	0.9045	-0.0175	0.5229
3	195596501	3:195596501:T_TAG	I	R	0.4166	-0.0404	0.05959	-0.0441	0.0114	0.41	-0.0522	0.05412	-0.0578	0.00709
3	195596636	rs13084875	C	T	0.3029	0.0472	0.1115	0.0563	0.01142	0.3049	0.0477	0.2086	0.064	0.02007
3	195596907	rs2278034	C	T	0.5552	-0.033	0.02705	-0.033	0.02705	0.5503	-0.0512	0.01093	-0.0525	0.004403
3	195597288	rs2278033	C	T	0.3239	-0.0143	0.6511	-0.016	0.5348	0.32	-0.0242	0.4801	-0.0261	0.4145
3	195597549	rs6583266	G	A	0.2069	0.0453	0.1546	0.0456	0.1248	0.209	0.0233	0.5185	0.0233	0.5185
3	195597828	rs9325405	G	T	0.2824	0.0401	0.1815	0.0532	0.01099	0.2843	0.0397	0.2832	0.0572	0.02618
3	195598923	rs148092490	C	A	0.0677	-0.0296	0.5433	-0.0347	0.3431	0.0684	-0.0428	0.3975	-0.0419	0.3447
3	195598945	3:195598945:T_TC	I	R	0.1749	-0.0481	0.02566	-0.0481	0.02566	0.1753	-0.0666	0.04833	-0.068	0.01035
3	195598948	rs113028562	G	A	0.1753	-0.0485	0.02449	-0.0485	0.02449	0.1757	-0.067	0.047	-0.0684	0.009902
3	195599085	rs2241413	C	T	0.4627	0.0049	0.8412	0.0021	0.9047	0.459	0.0284	0.3611	0.017	0.4377
3	195600025	rs73087325	T	C	0.0331	-0.0033	0.9705	-0.0086	0.8993	0.0321	-0.0346	0.7553	-0.038	0.6512
3	195600227	rs12487782	T	C	0.5287	-0.0026	0.9061	-6e-04	0.9745	0.5313	-0.0283	0.3447	-0.0192	0.4001
3	195600711	rs113282909	T	C	0.0418	-0.0622	0.1932	-0.0622	0.1932	0.0427	-0.0639	0.2679	-0.0639	0.2679
3	195601448	rs11714769	A	G	0.0702	-0.0289	0.6052	-0.0368	0.3924	0.0703	-0.0459	0.4749	-0.049	0.3509
3	195602288	rs56311748	G	A	0.1909	-0.0518	0.02532	-0.0518	0.02532	0.1909	-0.071	0.04013	-0.0711	0.01259
3	195602526	3:195602526:GC_G	D	R	0.1046	-0.0289	0.6281	-0.0381	0.3302	0.1017	-0.0239	0.6819	-0.0338	0.4893
3	195602528	3:195602528:CCT_C	R	D	0.5266	0.0436	0.1084	0.0505	0.0108	0.5318	0.0377	0.3235	0.052	0.03244
3	195602530	3:195602530:TC_T	D	R	0.1053	-0.0328	0.5489	-0.0436	0.268	0.1025	-0.0449	0.3619	-0.0449	0.3619
3	195602787	rs7636635	T	C	0.247	-0.0318	0.1753	-0.0359	0.03401	0.2466	-0.0383	0.1872	-0.0445	0.033
3	195604421	rs75070205	C	T	0.1863	-0.0461	0.02937	-0.0461	0.02937	0.1868	-0.0652	0.05594	-0.0676	0.009316
3	195606770	rs881753	G	A	0.5259	-0.031	0.1857	-0.0408	0.004769	0.519	-0.0265	0.4017	-0.0475	0.007583
3	195607258	3:195607258:AC_A	D	R	0.0191	0.035	0.6876	0.035	0.6876	0.0193	0.0138	0.8967	0.0138	0.8967
3	195607495	rs12487966	A	C	0.21	-0.0265	0.3788	-0.0302	0.1268	0.2047	-0.019	0.6253	-0.0331	0.1774
3	195607629	rs9836713	A	T	0.2299	-0.0282	0.4329	-0.0368	0.1103	0.2254	-0.0321	0.4337	-0.0481	0.09204
3	195609808	rs6771909	G	A	0.0192	-0.0132	0.9379	-0.0124	0.8909	NA	NA	NA	NA	NA
3	195611240	rs4927788	A	G	0.2478	-0.0245	0.394	-0.0272	0.1278	0.2407	-0.0132	0.7263	-0.0296	0.1844
3	195612034	rs3747672	T	C	0.4652	0.0368	0.1059	0.0452	0.002402	0.4716	0.0333	0.2707	0.0512	0.005207
3	195613020	rs12106975	G	C	0.0208	0.0307	0.7171	0.0244	0.7141	0.02	0.0226	0.8647	0.0223	0.7853
3	195614528	rs11713323	C	T	0.1903	0.039	0.1071	0.039	0.1071	0.1938	0.0658	0.02788	0.0658	0.02788
3	195614609	3:195614609:CGT_C	D	R	0.0198	-0.0076	0.9457	-0.0124	0.8904	NA	NA	NA	NA	NA
3	195614953	rs59851848	C	G	0.2144	-0.0143	0.6497	-0.0155	0.4113	0.2097	-0.0135	0.7421	-0.0273	0.2445
3	195615376	rs3747669	G	A	0.2989	-0.0211	0.5031	-0.0226	0.1864	0.2907	0.0015	0.9644	-0.0158	0.459
3	195615772	rs58308269	T	C	0.2918	-0.0188	0.5506	-0.021	0.2176	0.2833	0.0024	0.9444	-0.0166	0.4341
3	195616208	rs12490642	T	C	0.29	-0.0198	0.5324	-0.0217	0.2051	0.2815	0.0016	0.9629	-0.0173	0.4163
3	195616376	rs75861841	G	C	0.2329	-0.0409	0.04329	-0.0422	0.01895	0.2348	-0.0574	0.06138	-0.0603	0.00639
3	195616673	rs9829709	G	A	0.47	0.0381	0.09824	0.047	0.001719	0.4766	0.0356	0.2415	0.0545	0.003148
3	195617807	rs745497	A	G	0.4683	0.0379	0.09882	0.0467	0.001783	0.4747	0.0355	0.2406	0.0542	0.003245
3	195618039	rs76007885	T	C	0.1811	-0.0472	0.02179	-0.0472	0.02179	0.1819	-0.0621	0.08742	-0.0684	0.006828
3	195618495	rs9839985	A	G	0.2329	-0.0408	0.04386	-0.0422	0.01903	0.2347	-0.0574	0.06173	-0.0603	0.006375
3	195618527	3:195618527:A_AC	I	R	0.0372	0.0785	0.399	0.0913	0.1512	0.0363	0.0843	0.4716	0.1001	0.204
3	195618534	rs34665404	G	C	0.0288	-0.0792	0.08106	-0.0792	0.08106	0.0277	-0.0402	0.4843	-0.0402	0.4843
3	195618535	rs9854951	G	C	0.2341	-0.0417	0.03706	-0.0429	0.01708	0.2361	-0.0586	0.0529	-0.0615	0.005448
3	195619254	rs9863553	G	A	0.2339	-0.0405	0.04327	-0.0417	0.02061	0.2358	-0.0571	0.06137	-0.0597	0.006866
3	195619576	rs74749130	A	G	0.1791	-0.0478	0.02117	-0.0478	0.02117	0.1799	-0.063	0.08479	-0.0695	0.006416
3	195620037	rs73205796	T	C	0.2247	-0.022	0.4858	-0.0207	0.2558	0.2195	-0.0159	0.6907	-0.0291	0.1984
3	195620038	rs9846297	A	G	0.1954	0.0405	0.09211	0.0405	0.09211	0.1988	0.0666	0.02511	0.0666	0.02511
3	195620808	rs74861414	C	G	0.0543	-0.0759	0.205	-0.075	0.1971	0.0541	-0.1678	0.01822	-0.1678	0.01822
3	195621286	rs57820533	T	A	0.0193	0.0488	0.5925	0.0488	0.4705	0.0185	0.0395	0.7742	0.047	0.5706
3	195621504	rs79229020	T	C	0.0702	-0.0157	0.7544	-0.0273	0.4232	0.0708	-0.0183	0.7011	-0.0196	0.6377
3	195621982	rs12491213	T	C	0.0724	-0.0209	0.6559	-0.0292	0.385	0.0726	-0.018	0.7078	-0.0197	0.6317
3	195622298	rs71321862	C	T	0.0348	-0.0672	0.1202	-0.0672	0.1202	0.033	-0.0123	0.8238	-0.0123	0.8238
3	195622495	rs76153126	A	G	0.0676	-0.0111	0.8385	-0.024	0.4966	0.0678	-0.0187	0.7354	-0.024	0.5773
3	195622553	rs74450868	T	C	0.0675	-0.0138	0.7952	-0.0248	0.481	0.0677	-0.0222	0.6783	-0.0263	0.5423
3	195622616	rs77828245	A	G	0.232	-0.0198	0.5003	-0.0216	0.2378	0.2273	-0.0174	0.6469	-0.0319	0.1585
3	195622780	rs9833567	T	G	0.2109	0.037	0.1335	0.037	0.1335	0.2141	0.0624	0.04009	0.0624	0.04009
3	195623249	rs112638966	G	T	0.029	-0.0792	0.07969	-0.0792	0.07969	0.0278	-0.0393	0.493	-0.0393	0.493
3	195623440	rs12490307	C	G	0.2338	-0.023	0.4304	-0.0224	0.2108	0.2292	-0.0198	0.5998	-0.0325	0.143
3	195623905	rs34468408	C	A	0.0274	-0.0635	0.176	-0.0635	0.176	0.0262	-0.0258	0.6653	-0.0258	0.6653
3	195624393	rs71321863	A	G	0.0274	-0.0633	0.1769	-0.0633	0.1769	0.0263	-0.0251	0.6735	-0.0251	0.6735
3	195624484	rs62283334	C	T	0.24	-0.0193	0.4679	-0.02	0.2542	0.2361	-0.0193	0.5916	-0.032	0.1398
3	195625326	rs9871110	A	G	0.4545	0.045	0.02258	0.0508	0.0006272	0.4596	0.0467	0.0931	0.0637	0.0004965
3	195625343	rs75103579	A	T	0.0347	-0.0472	0.3607	-0.0472	0.3607	0.0336	-5e-04	0.9948	-0.0101	0.8747
3	195625531	3:195625531:CT_C	D	R	0.2378	-0.0186	0.4828	-0.0196	0.2651	0.2335	-0.0188	0.5972	-0.0316	0.1447
3	195626423	rs61248803	A	G	0.0168	0.064	0.4757	0.0636	0.3523	0.0162	0.0523	0.7016	0.0614	0.4635
3	195627570	rs115540288	T	C	0.0807	-0.0458	0.2298	-0.0458	0.2298	0.0804	-0.105	0.02418	-0.105	0.02418
3	195627882	rs58049606	G	A	0.2473	-0.0251	0.3506	-0.0246	0.1601	0.2435	-0.0216	0.5505	-0.033	0.1274
3	195628001	rs4927790	T	G	0.2574	-0.0118	0.6371	-0.0144	0.4008	0.2525	-0.0139	0.6538	-0.0259	0.2214
3	195628004	rs4927791	T	C	0.2574	-0.0118	0.637	-0.0144	0.4009	0.2525	-0.0139	0.6535	-0.0259	0.2214
3	195628272	rs6421308	G	A	0.4487	0.0441	0.0314	0.0505	0.0006837	0.4544	0.045	0.1017	0.0615	0.0007673
3	195628559	3:195628559:TGA_T	D	R	0.0286	-0.0788	0.08003	-0.0788	0.08003	0.0274	-0.0386	0.4988	-0.0386	0.4988
3	195628636	rs11720557	A	C	0.2854	-0.0465	0.01241	-0.048	0.002851	0.2852	-0.0502	0.03727	-0.0534	0.007222
3	195628735	rs35259333	G	A	0.0286	-0.0788	0.07991	-0.0788	0.07991	0.0275	-0.0386	0.4986	-0.0386	0.4986
3	195628815	rs11185498	C	T	0.2457	-0.0185	0.495	-0.0185	0.2873	0.2409	-0.0149	0.6655	-0.0278	0.1956
3	195629084	rs9866046	A	G	0.0741	-0.025	0.5871	-0.0337	0.306	0.0741	-0.0225	0.6368	-0.0247	0.5431
3	195629556	rs112789638	C	A	0.0286	-0.0792	0.0787	-0.0792	0.0787	0.0274	-0.0389	0.4953	-0.0389	0.4953
3	195629690	rs4560328	A	G	0.1914	-0.022	0.4582	-0.0186	0.3567	0.1888	-0.0309	0.3722	-0.0409	0.1032
3	195629782	rs7634904	A	G	0.0752	-0.0255	0.5831	-0.0338	0.3102	0.0752	-0.0234	0.6133	-0.0245	0.5497
3	195629880	3:195629880:C_CA	I	R	0.0732	-0.0259	0.5878	-0.0343	0.3104	0.0732	-0.0215	0.6478	-0.0224	0.59
3	195629980	rs112897657	T	C	0.1903	-0.0494	0.01578	-0.0494	0.01578	0.1914	-0.0642	0.08094	-0.0689	0.006159
3	195630136	rs111476474	T	C	0.0172	0.065	0.4591	0.0649	0.3367	0.0165	0.0539	0.6874	0.0633	0.4442
3	195630186	rs7340710	T	C	0.0716	-0.0218	0.6406	-0.0299	0.3721	0.0717	-0.0195	0.682	-0.0212	0.6061
3	195630235	rs114691067	C	G	0.0345	-0.0485	0.3471	-0.0485	0.3471	0.0334	-2e-04	0.9977	-0.0107	0.8668
3	195630374	rs113021491	A	G	0.0275	-0.0458	0.3537	-0.0458	0.3537	0.0287	-0.0371	0.5312	-0.0371	0.5312
3	195630533	rs11719343	A	T	0.0757	-0.0245	0.5986	-0.0325	0.3285	0.0756	-0.0221	0.635	-0.0232	0.5699
3	195630812	rs6784831	T	C	0.1808	-0.0473	0.02137	-0.0473	0.02137	0.1817	-0.0625	0.08773	-0.0692	0.006128
3	195630880	rs77690405	A	G	0.0809	-0.0458	0.2283	-0.0458	0.2283	0.0806	-0.1048	0.02399	-0.1048	0.02399
3	195631055	rs10881557	T	G	0.0715	-0.0222	0.6329	-0.03	0.3705	0.0717	-0.0196	0.6791	-0.0212	0.6064
3	195631099	rs79057146	T	G	0.018	0.0663	0.4325	0.067	0.3113	0.0172	0.0566	0.6636	0.0671	0.4088
3	195631462	rs10881558	T	A	0.0758	-0.0247	0.5947	-0.0326	0.3265	0.0758	-0.0224	0.6307	-0.0235	0.5652
3	195632130	rs7355913	A	G	0.0718	-0.0217	0.641	-0.0296	0.3769	0.0719	-0.0192	0.6869	-0.0208	0.6132
3	195632679	rs61058949	A	C	0.0743	-0.0238	0.6101	-0.0325	0.3294	0.0743	-0.0217	0.6542	-0.0238	0.5615
3	195632821	rs6782052	A	G	0.0725	-0.0227	0.6349	-0.0296	0.3887	0.0727	-0.0239	0.61	-0.0243	0.5652
3	195632946	rs6791922	T	C	0.0728	-0.0223	0.6377	-0.0309	0.3595	0.0729	-0.0233	0.6281	-0.0249	0.5478
3	195633177	rs61218216	G	C	0.2425	-0.0238	0.3774	-0.0229	0.1859	0.2386	-0.0209	0.5619	-0.0333	0.1206
3	195633361	rs59229384	T	C	0.0495	-0.0258	0.5718	-0.0255	0.5239	0.0504	-0.0381	0.4343	-0.0381	0.4343
3	195633435	rs75417972	T	C	0.2401	-0.0196	0.4583	-0.0199	0.2504	0.2363	-0.019	0.5939	-0.0315	0.1419
3	195633438	rs6785122	A	G	0.0725	-0.0236	0.6214	-0.0331	0.3274	0.0726	-0.0206	0.6748	-0.0228	0.5845
3	195633548	rs12494665	A	G	0.0741	-0.0235	0.6128	-0.0321	0.3368	0.0742	-0.0216	0.6531	-0.0237	0.5648
3	195633617	rs1871529	T	C	0.4462	0.0462	0.02076	0.0516	0.0005573	0.4518	0.0475	0.07777	0.0626	0.0006606
3	195633696	rs11717090	A	G	0.0741	-0.0234	0.6138	-0.032	0.3381	0.0742	-0.0215	0.6534	-0.0236	0.5665
3	195634244	rs73087352	C	T	0.0724	-0.0206	0.6603	-0.0286	0.396	0.0724	-0.017	0.7248	-0.019	0.646
3	195634304	rs62283338	G	C	0.2302	-0.0259	0.3498	-0.0246	0.1757	0.2263	-0.023	0.5361	-0.0355	0.1137
3	195634993	rs13059257	T	C	0.0257	-0.0734	0.132	-0.0734	0.132	0.0245	-0.0321	0.6054	-0.0321	0.6054
3	195635009	rs73087353	C	T	0.0176	0.064	0.4623	0.0639	0.3451	0.017	0.0542	0.6829	0.0637	0.4426
3	195635257	rs3747671	A	G	0.4467	0.0462	0.02035	0.0514	0.0006439	0.4521	0.047	0.08282	0.0622	0.00079
3	195635432	rs34221697	A	G	0.0259	-0.0737	0.1307	-0.0737	0.1307	0.0247	-0.0311	0.6167	-0.0311	0.6167
3	195635855	rs73087356	G	C	0.0724	-0.0167	0.7333	-0.0271	0.4228	0.0724	-0.0171	0.7287	-0.0193	0.6428
3	195636668	3:195636668:T_TG	I	R	0.4697	0.0537	0.006512	0.0576	0.000426	0.4742	0.0542	0.05462	0.0699	0.000516
3	195636800	rs56401727	G	C	0.1903	-0.0474	0.024	-0.0474	0.024	0.1907	-0.0642	0.08414	-0.0701	0.006568
3	195637099	rs9880526	A	G	0.072	-0.0205	0.6613	-0.0281	0.4079	0.0721	-0.0177	0.7105	-0.0192	0.6446
3	195637237	rs56261799	T	G	0.4521	-0.0523	0.01483	-0.0569	0.0003462	0.4476	-0.0571	0.04213	-0.0727	0.0002069
3	195637439	rs13084520	G	A	0.2718	-0.0306	0.2088	-0.0305	0.06383	0.2672	-0.0219	0.5216	-0.0357	0.07886
3	195637634	rs80090804	C	T	0.1804	-0.0489	0.02262	-0.0489	0.02262	0.1814	-0.0648	0.08908	-0.0703	0.007673
3	195639157	rs78773377	T	G	0.0339	-0.0864	0.06363	-0.0864	0.06363	0.0331	-0.0507	0.4695	-0.0666	0.2562
3	195639385	rs9834833	C	G	0.4683	0.0518	0.01213	0.056	0.0003326	0.4735	0.0524	0.0581	0.0671	0.0004626
3	195639563	3:195639563:A_AT	I	R	0.037	-0.0472	0.4507	-0.0479	0.3025	0.0378	-0.0484	0.4091	-0.048	0.3918
3	195639865	rs11713747	C	T	0.0361	-0.0563	0.2967	-0.0547	0.2401	0.0372	-0.0529	0.3454	-0.0529	0.3454
3	195640156	rs6772147	G	A	0.0981	-0.008	0.8921	-0.0098	0.823	0.0988	0.0199	0.778	0.0257	0.6322
3	195640287	rs6805088	G	A	0.0262	0.0341	0.6927	0.0342	0.6204	0.0254	0.0176	0.8948	0.024	0.7769
3	195640751	rs4456899	A	G	0.402	0.0042	0.852	0.006	0.77	0.3996	-0.0184	0.5642	-0.0164	0.5219
3	195641417	rs9829468	A	T	0.1377	-0.005	0.8171	-0.005	0.8171	0.1383	0.031	0.2471	0.031	0.2471
3	195641908	rs9818146	T	C	0.1424	-0.0038	0.8576	-0.0038	0.8576	0.1431	0.032	0.2161	0.032	0.2161
3	195642154	rs4485751	G	A	0.4204	0.0116	0.6219	0.0156	0.431	0.4193	-0.0085	0.7876	-0.0059	0.8101
3	195642226	rs13083487	C	T	0.1412	-0.0058	0.7838	-0.0058	0.7838	0.1422	0.0299	0.2539	0.0299	0.2539
3	195642638	rs10470715	G	T	0.4208	0.008	0.6939	0.008	0.6939	0.4173	-0.0095	0.7073	-0.0095	0.7073
3	195642678	rs4417901	C	T	0.1417	-0.0058	0.7866	-0.0058	0.7866	0.1427	0.0302	0.249	0.0302	0.249
3	195643337	rs11709659	A	C	0.0197	-0.064	0.3185	-0.064	0.3185	NA	NA	NA	NA	NA
3	195643807	rs11706736	C	G	0.1432	-0.0077	0.7213	-0.0077	0.7213	0.1442	0.0286	0.2799	0.0286	0.2799
3	195644262	rs75683599	A	G	0.1652	-0.0202	0.4487	-0.0173	0.4464	0.164	-0.0523	0.0628	-0.0523	0.0628
3	195644332	rs6765520	C	T	0.3661	0.0435	0.003925	0.0435	0.003925	0.3694	0.0454	0.01456	0.0454	0.01456
3	195644820	rs2880833	T	G	0.1583	-0.0011	0.9597	-0.0011	0.9597	0.1603	0.0374	0.1771	0.0374	0.1771
3	195644978	rs9325422	G	C	0.2207	-0.0143	0.5167	-0.0143	0.5167	0.2219	0.025	0.3544	0.025	0.3544
3	195645503	rs62283340	C	T	0.0813	0.0156	0.7286	0.0138	0.745	0.0794	0.0277	0.6676	0.017	0.7492
3	195645945	rs4635742	T	G	0.2799	0.0333	0.1342	0.0353	0.06094	0.2808	0.0315	0.3426	0.0376	0.1056
3	195646027	rs62284389	C	T	0.066	0.0151	0.7603	0.0125	0.7875	0.065	0.0321	0.6404	0.0213	0.7131
3	195646333	rs73208015	A	G	0.2246	0.0018	0.936	0.0041	0.8335	0.2209	-0.0162	0.5063	-0.0162	0.5063
3	195646776	rs9829723	A	G	0.2251	-0.0585	0.007166	-0.0585	0.007166	0.2273	-0.0731	0.01685	-0.0763	0.004489
3	195646976	rs56134127	T	C	0.4333	-0.0312	0.07577	-0.0312	0.06742	0.4318	-0.0561	0.02836	-0.059	0.005454
3	195647997	rs13323879	A	T	0.0615	-0.0379	0.4964	-0.053	0.1986	0.0627	-0.023	0.7904	-0.0461	0.3677
3	195648485	rs62284390	T	C	0.0374	0.0069	0.8979	0.0069	0.8979	0.0363	0.0195	0.7688	0.0195	0.7688
3	195648508	rs2046969	C	G	0.2133	0.0317	0.2595	0.0366	0.09703	0.2146	0.0334	0.3557	0.0416	0.128
3	195648969	rs9840670	A	G	0.1244	0.0058	0.8189	0.0058	0.8189	0.1278	0.0492	0.1079	0.0492	0.1079
3	195651264	3:195651264:GATAA	D	R	0.2353	-0.0522	0.01145	-0.0522	0.01145	0.238	-0.0628	0.03728	-0.0674	0.008019
3	195651349	rs966199	A	C	0.0511	-0.0195	0.5753	-0.0199	0.565	0.0534	-0.0051	0.9333	-0.0168	0.6953
3	195652315	rs4927792	C	T	0.2392	-0.0097	0.6277	-0.0097	0.6277	0.2386	0.0229	0.3529	0.0229	0.3529
3	195652647	rs35845795	A	C	0.1781	0.0028	0.9019	0.007	0.7179	0.1752	-0.0126	0.6014	-0.0126	0.6014
3	195652708	rs6783079	T	C	0.3025	0.0303	0.1008	0.0324	0.04084	0.3043	0.0279	0.3017	0.0346	0.07709
3	195652851	rs6765762	G	A	0.3025	0.0303	0.1007	0.0324	0.04082	0.3043	0.0279	0.3019	0.0346	0.0771
3	195652973	rs13061255	T	C	0.17	0.0013	0.9538	0.0039	0.8459	0.1677	-0.0196	0.4303	-0.0196	0.4303
3	195653472	rs73208018	G	T	0.0454	-0.0105	0.854	-0.0105	0.854	0.0445	-0.0213	0.7727	-0.0213	0.7662
3	195653824	rs73208019	T	C	0.0454	-0.0105	0.854	-0.0105	0.854	0.0445	-0.0213	0.7732	-0.0213	0.7663
3	195653873	rs9861325	T	A	0.1227	0.0042	0.8661	0.0042	0.8661	0.1262	0.0482	0.11	0.0482	0.11
3	195653985	rs78128847	T	G	0.036	-0.0885	0.1291	-0.0885	0.1291	0.0346	-0.0596	0.4255	-0.0596	0.4255
3	195654161	3:195654161:C_CT	I	R	0.0456	-4e-04	0.9942	-4e-04	0.9942	0.0446	0.0084	0.8947	0.0084	0.8947
3	195654298	rs138347437	A	G	0.0501	-0.0132	0.814	-0.0132	0.814	0.0489	-0.0232	0.7559	-0.0237	0.7373
3	195655637	rs73208020	A	G	0.0454	-0.0108	0.8498	-0.0108	0.8498	0.0445	-0.0213	0.7737	-0.0213	0.7666
3	195656614	rs9881504	T	C	0.3503	0.0244	0.108	0.0244	0.108	0.3539	0.026	0.165	0.026	0.165
3	195656731	rs11926771	A	C	0.1808	0.0046	0.8484	0.0109	0.5677	0.178	-0.0073	0.7588	-0.0073	0.7588
3	195657252	rs34313525	G	A	0.1885	0.0016	0.9486	0.009	0.6408	0.1853	-0.0092	0.7008	-0.0092	0.7008
3	195657323	3:195657323:TA_T	D	R	0.036	-0.0888	0.1288	-0.0888	0.1288	0.0346	-0.0612	0.414	-0.0612	0.414
3	195657687	rs62284393	T	A	0.0378	0.0097	0.8622	0.0097	0.8622	0.0368	0.0252	0.7175	0.0252	0.7175
3	195657730	rs113144487	T	C	0.1224	0.0038	0.8777	0.0038	0.8777	0.126	0.0484	0.1098	0.0484	0.1098
3	195658145	rs13326315	T	C	0.3661	0.0046	0.8366	0.0046	0.8366	0.3628	0.0133	0.6249	0.0133	0.6249
3	195658360	rs4927679	T	C	0.3557	0.0272	0.08258	0.0272	0.08258	0.3592	0.0289	0.1343	0.0289	0.1343
3	195658361	rs11717261	A	G	0.1195	0.0029	0.9084	0.0029	0.9084	0.1231	0.0478	0.1239	0.0478	0.1239
3	195658661	rs74406097	C	T	0.0351	-0.0891	0.1325	-0.0891	0.1325	0.0337	-0.0607	0.4241	-0.0607	0.4241
3	195658662	rs79516196	A	G	0.0351	-0.0891	0.1327	-0.0891	0.1327	0.0337	-0.0607	0.4243	-0.0607	0.4243
3	195659169	rs4927680	G	A	0.3535	0.001	0.9554	0.001	0.9554	0.3523	0.0114	0.5958	0.0114	0.5958
3	195659374	rs4927681	A	C	0.1861	0.0022	0.9319	0.0099	0.6215	0.183	-0.0091	0.7167	-0.0091	0.7167
3	195659377	rs4927682	T	C	0.1862	0.002	0.9388	0.0096	0.6348	0.1832	-0.0095	0.7061	-0.0095	0.7061
3	195659561	rs77570361	G	A	0.0366	-0.0926	0.1295	-0.0926	0.1295	0.0352	-0.0641	0.4136	-0.0641	0.4136
3	195659678	3:195659678:GA_G	D	R	0.3526	0.0011	0.9495	0.0011	0.9495	0.3513	0.0118	0.5835	0.0118	0.5835
3	195659736	rs78809271	A	G	0.0366	-0.0927	0.1295	-0.0927	0.1295	0.0352	-0.0642	0.4129	-0.0642	0.4129
3	195660532	rs12636596	A	C	0.1952	0.0014	0.9575	0.009	0.6615	0.192	-0.0093	0.7175	-0.0093	0.7175
3	195660697	rs74894130	T	C	0.0368	-0.0953	0.123	-0.0953	0.123	0.0355	-0.0668	0.399	-0.0668	0.399
3	195660712	rs79026789	A	G	0.0367	-0.0941	0.1276	-0.0941	0.1276	0.0353	-0.0655	0.4082	-0.0655	0.4082
3	195661089	rs6785037	A	C	0.4633	-0.0023	0.8996	-0.0023	0.8996	0.4591	0.0078	0.7223	0.0078	0.7223
3	195661315	rs76268338	G	A	0.037	-0.0972	0.1255	-0.0972	0.1255	0.0357	-0.0677	0.4044	-0.0677	0.4044
3	195661441	rs79114865	A	C	0.1593	-0.0591	0.02323	-0.0591	0.02323	0.1601	-0.0793	0.0824	-0.0847	0.008046
3	195661523	rs114609331	G	A	0.0118	-0.1806	0.1121	-0.1684	0.08808	NA	NA	NA	NA	NA
3	195661770	rs9868045	T	C	0.2461	-0.0543	0.01644	-0.0543	0.01644	0.2484	-0.0683	0.03625	-0.0728	0.009003
3	195662694	rs9325425	C	T	0.1511	-0.0079	0.7556	-0.0079	0.7556	0.1537	0.0386	0.2123	0.0386	0.2123
3	195662770	rs72499654	C	T	0.0375	-0.0978	0.1257	-0.0978	0.1257	0.0363	-0.072	0.3786	-0.072	0.3786
3	195663411	rs4927683	C	G	0.3093	0.0015	0.9538	0.0045	0.8249	0.3032	-0.0131	0.6009	-0.0131	0.6009
3	195664645	rs139426184	C	T	0.2698	0.0029	0.9104	0.007	0.7454	0.2651	-0.0085	0.7507	-0.0085	0.7507
3	195665099	rs11708303	C	T	0.1175	0.0049	0.8588	0.0049	0.8588	0.1208	0.0519	0.1188	0.0519	0.1188
3	195665137	rs11705807	T	C	0.1211	0.0058	0.832	0.0058	0.832	0.1243	0.0513	0.1234	0.0513	0.1234
3	195665645	rs9813802	G	C	0.2257	-0.0636	0.01055	-0.0636	0.01055	0.2275	-0.0805	0.02214	-0.0844	0.005787
3	195665666	rs9874341	G	A	0.3242	0.0325	0.1473	0.0351	0.05666	0.3254	0.0285	0.4016	0.0357	0.1169
3	195665750	rs185396992	C	A	0.1566	-0.0576	0.03087	-0.0576	0.03087	0.1575	-0.079	0.09456	-0.0844	0.00997
3	195665876	3:195665876:G_GT	I	R	0.2565	-0.0056	0.8416	9e-04	0.9671	0.2517	-0.0182	0.5032	-0.0182	0.5032
3	195666083	rs11709428	G	T	0.1171	0.0049	0.858	0.0049	0.858	0.1203	0.0524	0.1189	0.0524	0.1189
3	195666530	rs4437183	A	G	0.2928	0.032	0.1388	0.0339	0.06461	0.2947	0.0295	0.338	0.0372	0.1009
3	195666636	rs6764284	C	T	0.4104	-8e-04	0.9652	-8e-04	0.9652	0.4077	0.0115	0.6133	0.0115	0.6133
3	195667338	rs145002336	A	G	0.151	-0.0589	0.03303	-0.0589	0.03303	0.1519	-0.0821	0.09712	-0.0881	0.009481
3	195667637	rs138904938	T	A	0.0375	-0.0995	0.1274	-0.0995	0.1274	0.0362	-0.0729	0.3831	-0.0729	0.3831
3	195667840	rs72499659	C	G	0.0377	-0.1002	0.1243	-0.1002	0.1243	0.0366	-0.0735	0.379	-0.0735	0.379
3	195667950	rs9832299	C	A	0.1861	-0.0756	0.01407	-0.0756	0.01407	0.1877	-0.0974	0.0134	-0.0986	0.009292
3	195668215	rs62284418	T	C	0.0377	0.0071	0.9073	0.0071	0.9073	0.0367	0.0243	0.7508	0.0243	0.7508
3	195668278	rs144465179	T	C	0.1107	0.0051	0.863	0.0051	0.863	0.1136	0.0548	0.1268	0.0548	0.1268
3	195668478	rs79026838	G	A	0.0679	-0.0233	0.5794	-0.0234	0.5775	0.0693	-0.003	0.9688	-0.0181	0.729
3	195668962	rs9842373	T	C	0.2843	0.0335	0.1356	0.0363	0.0465	0.2863	0.0283	0.3694	0.0371	0.09849
3	195669400	rs55874542	A	G	0.1177	0.0043	0.8775	0.0043	0.8775	0.1208	0.0521	0.1252	0.0521	0.1252
3	195669480	rs76934808	T	C	0.0378	-0.1006	0.1245	-0.1006	0.1245	0.0366	-0.0735	0.3808	-0.0735	0.3808
3	195669598	rs74778113	G	T	0.0737	-0.0172	0.6645	-0.0172	0.6645	0.075	-0.0033	0.9613	-0.016	0.7461
3	195669849	rs6805855	C	G	0.1834	0.0011	0.9669	0.0079	0.7204	0.1807	-0.0135	0.6228	-0.0135	0.6228
3	195670231	rs62285271	C	T	0.1574	-0.0609	0.02642	-0.0609	0.02642	0.1581	-0.0826	0.08936	-0.0889	0.0083
3	195670356	3:195670356:TG_T	D	R	0.1541	-0.0609	0.02679	-0.0609	0.02679	0.155	-0.0829	0.08825	-0.089	0.008395
3	195671682	rs9878111	C	G	0.2325	-0.0663	0.01343	-0.0663	0.01343	0.2342	-0.084	0.02813	-0.0886	0.007223
3	195671868	rs187466813	T	C	0.1569	-0.0653	0.02326	-0.0653	0.02326	0.1576	-0.0854	0.1001	-0.0929	0.008533
3	195672199	rs111661230	C	G	0.1056	0.0036	0.9141	0.0036	0.9141	0.1083	0.0573	0.1634	0.0573	0.1634
3	195672387	rs2448503	A	C	0.2811	0.0423	0.1228	0.0455	0.03933	0.2826	0.0396	0.2969	0.0488	0.07308
3	195672574	rs4247595	C	G	0.2645	0.0026	0.9361	0.0081	0.7537	0.2604	-0.013	0.6857	-0.013	0.6857
3	195672654	rs145383295	G	T	0.1087	0.0026	0.9402	0.0026	0.9402	0.1112	0.059	0.1679	0.059	0.1679
