CHR	BP	SNP	VAR	REF	ALL.FREQ.VAR	ALL.RANDOM.BETA	ALL.RANDOM.PVAL	ALL.FIXED.BETA	ALL.FIXED.PVAL	FF.FREQ.VAR	FF.RANDOM.BETA	FF.RANDOM.PVAL	FF.FIXED.BETA	FF.FIXED.PVAL
7	117023237	rs10278953	G	A	0.9238	-0.0611	0.09814	-0.0571	0.03685	0.9935	0.0021	0.9894	0.0513	0.6345
7	117025243	rs2051718	A	G	0.939	-0.0637	0.1595	-0.0652	0.03096	0.9946	0.1482	0.2183	0.1482	0.2183
7	117030228	7:117030228:T_TG	I	R	0.0195	0.0152	0.8433	0.0152	0.8433	NA	NA	NA	NA	NA
7	117033753	rs10230259	A	G	0.9223	-0.0599	0.101	-0.0561	0.04049	0.9916	0.0129	0.9338	0.0569	0.5987
7	117037885	7:117037885:AT_A	D	R	0.9205	-0.0511	0.1675	-0.0486	0.07405	0.9907	0.0517	0.7247	0.0982	0.3498
7	117041448	rs4730780	A	T	0.9081	-0.0545	0.1101	-0.0538	0.0468	0.9885	0.0471	0.7297	0.0732	0.4952
7	117041941	rs73480763	A	G	0.8362	-0.0397	0.1146	-0.046	0.02532	0.9828	-0.0174	0.8764	0.0375	0.6066
7	117052100	rs12333344	A	G	0.8621	-0.0642	0.02127	-0.0642	0.02127	0.9305	-0.0535	0.4029	-0.0522	0.4086
7	117053067	rs112785519	G	A	0.7792	-0.0458	0.03211	-0.0471	0.01938	0.9416	-0.1112	0.3069	-0.0037	0.9466
7	117058220	rs10487364	G	A	0.838	-0.0362	0.1715	-0.044	0.0323	NA	NA	NA	NA	NA
7	117059654	rs10264450	G	A	0.9216	-0.0476	0.2329	-0.0454	0.09581	NA	NA	NA	NA	NA
7	117062217	rs17139821	G	C	0.8382	-0.041	0.08808	-0.0454	0.02728	NA	NA	NA	NA	NA
7	117064625	rs10249651	C	T	0.9372	-0.0639	0.1837	-0.0587	0.04914	NA	NA	NA	NA	NA
7	117065618	rs7779160	A	G	0.923	-0.0597	0.122	-0.0547	0.04596	NA	NA	NA	NA	NA
7	117065996	rs10953845	T	C	0.9369	-0.0665	0.1565	-0.0613	0.0397	NA	NA	NA	NA	NA
7	117067040	rs10242827	T	C	0.9221	-0.0498	0.1984	-0.0462	0.0904	NA	NA	NA	NA	NA
7	117070582	rs10258791	A	C	0.9222	-0.051	0.175	-0.0479	0.07948	NA	NA	NA	NA	NA
7	117077110	rs10953846	C	T	0.9372	-0.0695	0.1121	-0.0637	0.03356	NA	NA	NA	NA	NA
7	117078966	rs10227378	C	T	0.9243	-0.0606	0.07132	-0.0572	0.0384	NA	NA	NA	NA	NA
7	117082485	rs12536356	C	A	0.9232	-0.0514	0.1171	-0.0493	0.07196	NA	NA	NA	NA	NA
7	117084585	rs6972168	T	G	0.9393	-0.0664	0.102	-0.0595	0.05021	NA	NA	NA	NA	NA
7	117086613	rs7795896	C	T	0.925	-0.0485	0.1312	-0.0462	0.09418	NA	NA	NA	NA	NA
7	117087142	rs9792104	G	A	0.9393	-0.0663	0.09649	-0.0597	0.04936	NA	NA	NA	NA	NA
7	117088819	rs2078967	C	T	0.9393	-0.066	0.09712	-0.0595	0.05038	NA	NA	NA	NA	NA
7	117088992	7:117088992:GAC_G	R	D	0.9415	-0.0652	0.1231	-0.0591	0.06114	NA	NA	NA	NA	NA
7	117088993	7:117088993:ACT_A	R	D	0.9393	-0.0658	0.09941	-0.0593	0.05103	NA	NA	NA	NA	NA
7	117089889	rs13245795	T	A	0.9394	-0.0695	0.08801	-0.0629	0.03909	NA	NA	NA	NA	NA
7	117090489	rs2896224	G	C	0.9393	-0.0656	0.1013	-0.059	0.0523	NA	NA	NA	NA	NA
7	117093302	rs6958655	G	A	0.9391	-0.0679	0.09339	-0.0614	0.04346	NA	NA	NA	NA	NA
7	117094362	rs12706151	A	G	0.925	-0.0506	0.1276	-0.0477	0.08517	NA	NA	NA	NA	NA
7	117094384	rs11976705	T	C	0.939	-0.0669	0.09242	-0.0607	0.04643	NA	NA	NA	NA	NA
7	117096293	rs112534719	C	T	0.7811	-0.0487	0.01563	-0.0487	0.01563	0.944	-0.1232	0.2477	-0.0225	0.6833
7	117096492	rs11975043	C	G	0.9393	-0.0645	0.1049	-0.0582	0.056	NA	NA	NA	NA	NA
7	117096645	rs11975114	C	A	0.9391	-0.0674	0.0945	-0.061	0.04499	NA	NA	NA	NA	NA
7	117097327	rs6955320	C	A	0.9393	-0.0643	0.1059	-0.0579	0.05704	NA	NA	NA	NA	NA
7	117097922	rs6466612	T	C	0.9389	-0.0674	0.09382	-0.061	0.04487	NA	NA	NA	NA	NA
7	117100046	rs13222797	G	T	0.9398	-0.0623	0.06402	-0.0604	0.04811	NA	NA	NA	NA	NA
7	117101282	rs35415299	G	A	0.9247	-0.0477	0.1514	-0.0448	0.1062	NA	NA	NA	NA	NA
7	117101285	rs34256873	C	A	0.9396	-0.0653	0.05516	-0.0633	0.03844	NA	NA	NA	NA	NA
7	117102085	rs177069	G	A	0.9265	-0.0524	0.06085	-0.0524	0.06085	NA	NA	NA	NA	NA
7	117102394	rs177070	C	T	0.9399	-0.0616	0.06529	-0.0599	0.05033	NA	NA	NA	NA	NA
7	117103515	rs177071	C	T	0.9247	-0.0467	0.1542	-0.0439	0.1132	NA	NA	NA	NA	NA
7	117104507	rs43025	T	C	0.9395	-0.0625	0.06367	-0.0606	0.04733	NA	NA	NA	NA	NA
7	117105361	rs43027	G	A	0.9397	-0.0588	0.07505	-0.0572	0.06129	NA	NA	NA	NA	NA
7	117105581	rs43028	C	T	0.9397	-0.0588	0.07506	-0.0572	0.06145	NA	NA	NA	NA	NA
7	117107061	rs43031	G	A	0.9394	-0.0622	0.06295	-0.0604	0.04793	NA	NA	NA	NA	NA
7	117107284	rs43032	C	A	0.9394	-0.0654	0.03346	-0.0654	0.03346	NA	NA	NA	NA	NA
7	117107380	7:117107380:TA_T	D	R	0.9393	-0.0597	0.05039	-0.0597	0.05039	NA	NA	NA	NA	NA
7	117107943	7:117107943:A_AT	I	R	0.9265	-0.0498	0.07513	-0.0498	0.07513	NA	NA	NA	NA	NA
7	117112122	rs17544734	G	A	0.8401	-0.0442	0.03199	-0.0442	0.03199	NA	NA	NA	NA	NA
7	117113624	rs43035	C	A	0.9398	-0.0576	0.05983	-0.0576	0.05983	NA	NA	NA	NA	NA
7	117114478	rs43036	T	C	0.9397	-0.0623	0.07606	-0.0596	0.05148	NA	NA	NA	NA	NA
7	117116183	rs7810506	C	T	0.9401	-0.061	0.08286	-0.0583	0.05742	NA	NA	NA	NA	NA
7	117122454	rs35715578	G	T	0.8434	-0.0436	0.03827	-0.0436	0.03827	0.9882	0.0074	0.9522	0.0559	0.494
7	117122865	rs34268361	A	G	0.8451	-0.0444	0.04986	-0.0466	0.02706	NA	NA	NA	NA	NA
7	117127739	rs3757802	C	A	0.8626	-0.0511	0.04656	-0.0556	0.01168	NA	NA	NA	NA	NA
7	117130643	rs1557630	C	G	0.8623	-0.0534	0.02808	-0.0566	0.0102	NA	NA	NA	NA	NA
7	117130915	rs36082161	T	C	0.0583	0.0251	0.5742	0.0251	0.5742	0.0422	0.2273	0.09513	0.1058	0.2159
7	117131184	rs35141759	T	C	0.8499	-0.0528	0.01294	-0.0528	0.01294	NA	NA	NA	NA	NA
7	117132098	rs2283055	A	T	0.8623	-0.0532	0.0304	-0.0567	0.01015	NA	NA	NA	NA	NA
7	117132179	rs2283056	G	A	0.8421	-0.0538	0.02442	-0.0558	0.01193	0.9694	-0.0525	0.6603	8e-04	0.9919
7	117134517	rs4148686	G	C	0.863	-0.0483	0.07647	-0.0548	0.01326	NA	NA	NA	NA	NA
7	117134634	rs4148687	A	G	0.8626	-0.0467	0.1075	-0.0558	0.01154	NA	NA	NA	NA	NA
7	117135025	rs4148688	C	G	0.8626	-0.0484	0.07896	-0.0557	0.01163	NA	NA	NA	NA	NA
7	117135212	rs17545644	T	C	0.8475	-0.0514	0.01481	-0.0514	0.01481	NA	NA	NA	NA	NA
7	117136858	rs6466613	G	T	0.8645	-0.0451	0.1183	-0.0538	0.01547	NA	NA	NA	NA	NA
7	117137400	rs12673260	C	A	0.8643	-0.044	0.1285	-0.0526	0.01752	NA	NA	NA	NA	NA
7	117138947	rs7793127	G	A	0.8648	-0.0424	0.1474	-0.0515	0.01976	NA	NA	NA	NA	NA
7	117140095	rs10487368	T	C	0.8644	-0.0429	0.1374	-0.0522	0.01804	NA	NA	NA	NA	NA
7	117143602	rs4148689	G	C	0.8652	-0.0393	0.2107	-0.0506	0.02214	NA	NA	NA	NA	NA
7	117143718	rs34654194	G	A	0.8481	-0.0473	0.03214	-0.0487	0.02102	NA	NA	NA	NA	NA
7	117146393	rs2402204	C	T	0.8652	-0.0419	0.1617	-0.0514	0.02038	NA	NA	NA	NA	NA
7	117146448	rs2402205	C	T	0.8652	-0.0429	0.1404	-0.0514	0.02015	NA	NA	NA	NA	NA
7	117147205	rs6957317	C	T	0.8649	-0.0404	0.2077	-0.0526	0.01747	NA	NA	NA	NA	NA
7	117147547	rs2237723	T	C	0.8646	-0.0393	0.216	-0.0519	0.01873	NA	NA	NA	NA	NA
7	117150075	rs4148690	A	C	0.865	-0.0393	0.2222	-0.052	0.01886	NA	NA	NA	NA	NA
7	117150118	rs4148691	C	G	0.8655	-0.0411	0.172	-0.0509	0.0217	NA	NA	NA	NA	NA
7	117150129	rs4148692	T	C	0.8653	-0.0407	0.1795	-0.0508	0.02192	NA	NA	NA	NA	NA
7	117154159	rs2237724	A	G	0.8645	-0.0394	0.2066	-0.0516	0.01927	NA	NA	NA	NA	NA
7	117154998	rs6951141	C	A	0.8642	-0.0405	0.1871	-0.0521	0.01834	NA	NA	NA	NA	NA
7	117155843	rs2188159	G	A	0.8644	-0.0426	0.1373	-0.0513	0.02049	NA	NA	NA	NA	NA
7	117156923	rs35388491	G	T	0.8632	-0.0418	0.1542	-0.0522	0.01775	NA	NA	NA	NA	NA
7	117157880	7:117157880:C_CAT	I	R	0.4258	-0.0419	0.06977	-0.0419	0.06977	0.5007	-0.0285	0.3432	-0.0285	0.3432
7	117158642	rs13438309	G	A	0.9194	-0.0917	0.0118	-0.09	0.001284	NA	NA	NA	NA	NA
7	117160988	rs12538252	G	A	0.8626	-0.0427	0.1763	-0.0542	0.01394	NA	NA	NA	NA	NA
7	117162954	rs3808186	G	A	0.8616	-0.0455	0.1114	-0.0542	0.01339	NA	NA	NA	NA	NA
7	117163033	rs35003065	C	G	0.8475	-0.0499	0.01776	-0.0499	0.01776	NA	NA	NA	NA	NA
7	117163085	rs35820454	A	T	0.8475	-0.0499	0.0177	-0.0499	0.0177	NA	NA	NA	NA	NA
7	117163616	rs7802924	G	A	0.8475	-0.0499	0.01762	-0.0499	0.01762	NA	NA	NA	NA	NA
7	117163674	rs7786196	G	T	0.862	-0.0441	0.1284	-0.053	0.016	NA	NA	NA	NA	NA
7	117164770	rs34420782	A	G	0.8473	-0.0499	0.01746	-0.0499	0.01746	NA	NA	NA	NA	NA
7	117164863	rs35608825	C	T	0.8621	-0.0442	0.1272	-0.0529	0.0161	NA	NA	NA	NA	NA
7	117165147	rs34683806	G	A	0.8621	-0.0446	0.1185	-0.0529	0.01599	NA	NA	NA	NA	NA
7	117169601	rs11770639	A	T	0.8616	-0.0444	0.1248	-0.0533	0.01475	NA	NA	NA	NA	NA
7	117170105	rs113662424	A	G	0.7886	-0.0536	0.008774	-0.0536	0.008774	0.945	-0.1135	0.2771	-0.02	0.7169
7	117170774	rs1429566	A	G	0.8623	-0.0466	0.09693	-0.0538	0.01449	NA	NA	NA	NA	NA
7	117171754	rs4148696	C	T	0.8617	-0.0471	0.08688	-0.0543	0.01326	NA	NA	NA	NA	NA
7	117172257	rs957461	A	G	0.8622	-0.0466	0.09856	-0.0541	0.01396	NA	NA	NA	NA	NA
7	117172783	rs4148697	T	C	0.8622	-0.0464	0.1008	-0.0541	0.01396	NA	NA	NA	NA	NA
7	117173455	rs6977764	G	T	0.862	-0.0431	0.1557	-0.0536	0.01471	NA	NA	NA	NA	NA
7	117174804	rs10487369	A	T	0.862	-0.0437	0.1469	-0.0537	0.01452	NA	NA	NA	NA	NA
7	117175143	rs34159932	A	G	0.8487	-0.0512	0.01512	-0.0512	0.01512	NA	NA	NA	NA	NA
7	117176106	rs6969138	G	A	0.8621	-0.0464	0.1083	-0.0546	0.01304	NA	NA	NA	NA	NA
7	117176248	rs4148699	G	A	0.8621	-0.0464	0.1078	-0.0546	0.01303	NA	NA	NA	NA	NA
7	117176568	7:117176568:AGATT	D	R	0.8619	-0.0471	0.1009	-0.0554	0.01218	0.9891	0.0161	0.8905	0.045	0.5909
7	117176738	rs1800503	T	C	0.8475	-0.0498	0.01777	-0.0498	0.01777	NA	NA	NA	NA	NA
7	117177453	7:117177453:A_AT	I	R	0.8617	-0.0473	0.08471	-0.0543	0.01329	NA	NA	NA	NA	NA
7	117181012	rs34638253	T	C	0.8487	-0.0512	0.01505	-0.0512	0.01505	NA	NA	NA	NA	NA
7	117186038	7:117186038:A_AAT	I	R	0.862	-0.0498	0.06409	-0.056	0.01129	NA	NA	NA	NA	NA
7	117187011	rs35130797	A	G	0.8471	-0.05	0.01748	-0.05	0.01748	0.987	0.0193	0.8469	0.0522	0.4978
7	117187461	rs12533524	C	T	0.8623	-0.0517	0.05856	-0.0582	0.008281	NA	NA	NA	NA	NA
7	117187659	rs2027944	C	T	0.8624	-0.0479	0.09585	-0.0565	0.01033	NA	NA	NA	NA	NA
7	117187822	rs2027945	A	G	0.8626	-0.0475	0.0977	-0.0556	0.01171	NA	NA	NA	NA	NA
7	117188682	7:117188682	T	G	0.852	-0.0559	0.009733	-0.0559	0.009733	0.9876	3e-04	0.9978	0.0468	0.5648
7	117188739	7:117188739	C	T	0.164	-0.0582	0.01603	-0.0582	0.01603	0.1882	-0.0464	0.08841	-0.0464	0.08841
7	117189272	rs1820871	A	G	0.8579	-0.0549	0.01968	-0.057	0.009837	0.9876	0.0124	0.9042	0.0317	0.7021
7	117190598	rs1896888	C	T	0.8627	-0.0484	0.08794	-0.0559	0.01129	NA	NA	NA	NA	NA
7	117190996	rs4148706	G	T	0.8625	-0.0514	0.06023	-0.0578	0.008733	NA	NA	NA	NA	NA
7	117191819	rs10953847	C	T	0.8625	-0.0489	0.08675	-0.0573	0.009372	NA	NA	NA	NA	NA
7	117195557	rs35987553	C	T	0.8482	-0.051	0.01557	-0.051	0.01557	0.9882	0.015	0.8908	0.0549	0.4891
7	117197599	7:117197599:TTTGC	D	R	0.8619	-0.051	0.06823	-0.0581	0.008507	0.9896	0.0026	0.9829	0.0362	0.671
7	117199457	rs34855237	G	A	0.8632	-0.0498	0.07995	-0.0573	0.009493	NA	NA	NA	NA	NA
7	117199644	7:117199644:ATCT_	D	R	0.4194	-0.0547	0.0263	-0.0536	0.009767	0.5219	-0.0516	0.05462	-0.0516	0.05462
7	117200481	rs1896887	C	G	0.8633	-0.0478	0.1055	-0.0568	0.01009	NA	NA	NA	NA	NA
7	117200510	rs1896886	T	G	0.863	-0.0475	0.1212	-0.0581	0.008466	NA	NA	NA	NA	NA
7	117200899	rs10487372	T	C	0.8503	-0.0511	0.02688	-0.0538	0.01102	NA	NA	NA	NA	NA
7	117202484	rs2283057	G	C	0.8628	-0.0492	0.08658	-0.058	0.008458	NA	NA	NA	NA	NA
7	117207860	rs718829	A	C	0.9392	-0.0638	0.07742	-0.0617	0.04321	NA	NA	NA	NA	NA
7	117211853	rs2082056	C	T	0.9393	-0.068	0.08252	-0.0646	0.03399	NA	NA	NA	NA	NA
7	117212040	7:117212040:C_CT	I	R	0.9387	-0.0653	0.07267	-0.0634	0.0368	NA	NA	NA	NA	NA
7	117214373	rs2518872	C	G	0.8544	-0.0456	0.07114	-0.0515	0.01539	NA	NA	NA	NA	NA
7	117214471	rs17547485	G	T	0.8488	-0.053	0.01198	-0.053	0.01198	NA	NA	NA	NA	NA
7	117217725	rs1025342	T	C	0.8539	-0.0443	0.08776	-0.0516	0.01494	NA	NA	NA	NA	NA
7	117217987	rs17450482	C	T	0.8482	-0.0545	0.009606	-0.0545	0.009606	NA	NA	NA	NA	NA
7	117218159	rs2402228	A	T	0.8674	-0.0388	0.2572	-0.0553	0.01272	NA	NA	NA	NA	NA
7	117220403	rs213954	G	A	0.8538	-0.0446	0.08627	-0.0519	0.01455	NA	NA	NA	NA	NA
7	117220861	rs213955	G	A	0.8671	-0.0386	0.261	-0.0556	0.01222	NA	NA	NA	NA	NA
7	117221006	rs213956	A	G	0.8671	-0.0386	0.2614	-0.0556	0.01221	NA	NA	NA	NA	NA
7	117223764	rs213958	A	G	0.8665	-0.0379	0.2779	-0.056	0.01135	0.9867	0.0309	0.7537	0.021	0.7891
7	117225159	rs6949974	T	C	0.0935	0.0392	0.1532	0.0416	0.1087	NA	NA	NA	NA	NA
7	117230645	rs4148711	A	T	0.0939	0.0401	0.1301	0.041	0.1125	NA	NA	NA	NA	NA
7	117234398	rs213972	A	T	0.8491	-0.0486	0.0737	-0.0574	0.00612	0.9839	-0.0185	0.8477	-0.0066	0.9242
7	117235055	rs1042077	G	T	0.0938	0.0396	0.1379	0.041	0.1125	NA	NA	NA	NA	NA
7	117235196	7:117235196:CAT_C	D	R	0.0934	0.0436	0.09505	0.0436	0.09505	NA	NA	NA	NA	NA
7	117235550	rs6979652	G	A	0.0964	0.0423	0.09973	0.0424	0.09858	NA	NA	NA	NA	NA
7	117235886	rs213973	A	G	0.0581	0.0605	0.2822	0.0654	0.03555	NA	NA	NA	NA	NA
7	117236266	rs213974	T	C	0.0582	0.0606	0.2803	0.0654	0.03554	NA	NA	NA	NA	NA
7	117238379	rs213976	G	T	0.9376	-0.0681	0.1085	-0.0689	0.02056	0.9825	-0.085	0.2091	-0.085	0.2091
7	117238445	rs213977	T	G	0.0624	0.0694	0.1049	0.0704	0.01788	NA	NA	NA	NA	NA
7	117240668	rs2246450	T	A	0.1168	0.0245	0.2948	0.0245	0.2948	0.0317	-0.032	0.5313	-0.032	0.5313
7	117241031	rs2106155	A	C	0.1172	0.0262	0.2608	0.0262	0.2608	0.0323	-0.0256	0.6104	-0.0256	0.6104
7	117241394	rs2213958	T	A	0.0942	0.0276	0.3538	0.0334	0.1902	0.0274	-0.0265	0.6267	-0.0265	0.6267
7	117241508	rs2518879	G	A	0.0881	0.02	0.5055	0.0244	0.3571	0.0259	-0.0279	0.6183	-0.0279	0.6183
7	117241859	rs10276533	C	T	0.0906	0.0169	0.6313	0.0292	0.2598	0.0261	-0.025	0.6537	-0.025	0.6537
7	117242024	7:117242024:CAAT_	D	R	0.0902	0.0226	0.492	0.031	0.2326	0.0258	-0.0222	0.6914	-0.0222	0.6914
7	117243191	rs141480055	T	C	0.0248	0.0781	0.349	0.0781	0.349	0.0298	0.0845	0.3621	0.0845	0.3621
7	117246078	rs111811152	A	G	0.7459	-0.0556	0.003808	-0.0556	0.003808	0.8921	-0.0448	0.2262	-0.0448	0.2262
7	117246636	rs35050470	A	G	0.0902	0.0234	0.4854	0.0324	0.2127	0.0262	-0.0189	0.733	-0.0189	0.733
7	117248234	rs213979	G	T	0.0913	0.0163	0.6452	0.0287	0.2648	0.0265	-0.021	0.7037	-0.021	0.7037
7	117252073	7:117252073:ATATG	D	R	0.0515	0.0223	0.634	0.0223	0.634	0.0191	0.0688	0.5892	0.056	0.6416
7	117252104	7:117252104:TATAC	D	R	0.069	0.0506	0.1672	0.0506	0.1672	0.0274	0.0284	0.6911	0.0284	0.6911
7	117252874	rs213980	A	G	0.0915	0.0169	0.6307	0.0287	0.2639	0.0266	-0.0191	0.7276	-0.0191	0.7276
7	117254527	rs213981	C	A	0.0917	0.0145	0.688	0.0278	0.278	0.0268	-0.0201	0.7123	-0.0201	0.7123
7	117256712	rs17451754	A	G	0.0709	0.015	0.7271	0.0364	0.2043	0.0231	-0.0194	0.7419	-0.0194	0.7419
7	117258372	rs213983	G	A	0.1154	0.0233	0.3236	0.0233	0.3236	0.0326	-0.0157	0.7567	-0.0157	0.7567
7	117258529	rs213984	A	G	0.1157	0.0294	0.2143	0.0294	0.2143	0.0325	-0.0195	0.6974	-0.0195	0.6974
7	117259011	rs213985	A	G	0.1174	0.0246	0.3068	0.0254	0.2751	0.0323	-0.0292	0.56	-0.0292	0.56
7	117259946	rs213986	T	C	0.0944	0.0252	0.4326	0.0334	0.1882	0.0275	-0.0225	0.6769	-0.0225	0.6769
7	117261293	rs213987	T	C	0.1173	0.0235	0.3379	0.0248	0.2852	0.0322	-0.0265	0.596	-0.0265	0.596
7	117262304	rs213988	A	G	0.0917	0.0155	0.6625	0.0281	0.2722	0.0269	-0.0182	0.739	-0.0182	0.739
7	117267511	rs213989	A	C	0.0917	0.0156	0.6587	0.0278	0.2784	0.0269	-0.0182	0.7381	-0.0182	0.7381
7	117274256	rs2188150	A	G	0.0914	0.0191	0.5716	0.0284	0.2692	0.027	-0.0149	0.7843	-0.0149	0.7843
7	117277554	rs111309367	T	A	0.6931	-0.062	0.001564	-0.062	0.001564	0.8362	-0.0638	0.08371	-0.0638	0.08371
7	117277926	rs35244428	A	G	0.0914	0.0186	0.573	0.0268	0.2984	0.0271	-0.0146	0.789	-0.0146	0.789
7	117278765	rs180819295	A	G	0.1246	-0.0823	0.00105	-0.0823	0.00105	0.153	-0.0653	0.01952	-0.0653	0.01952
7	117286524	rs214167	A	G	0.1185	0.0234	0.3249	0.0239	0.303	0.0343	-0.0208	0.6694	-0.0208	0.6694
7	117288078	rs117863639	A	G	0.0923	0.0251	0.4248	0.0305	0.241	0.0287	-0.0106	0.8446	-0.0106	0.8446
7	117289332	rs214165	G	A	0.119	0.0228	0.3396	0.0234	0.3098	0.0349	-0.0187	0.697	-0.0187	0.697
7	117289527	7:117289527:C_CAT	I	R	0.2717	0.0072	0.7496	0.0072	0.7496	0.2227	0.0049	0.8908	0.0049	0.8908
7	117289572	7:117289572:TA_T	R	D	0.7986	-0.0461	0.04026	-0.0461	0.04026	0.8998	-0.045	0.3219	-0.045	0.3219
7	117291132	rs35453239	G	A	0.6688	-0.0704	0.0006104	-0.0704	0.0006104	0.7974	-0.0725	0.05193	-0.0725	0.05193
7	117292696	rs214164	A	G	0.0923	0.0173	0.5971	0.0255	0.3171	0.0282	-0.015	0.7755	-0.015	0.7755
7	117293552	rs214163	G	T	0.0922	0.0174	0.5948	0.0255	0.3164	0.0281	-0.0147	0.7801	-0.0147	0.7801
7	117294301	rs34637736	T	C	0.0927	0.0157	0.6095	0.0214	0.4004	0.0281	-0.0143	0.7856	-0.0143	0.7856
7	117294730	rs34927137	T	C	0.0937	0.0184	0.5291	0.0224	0.3751	0.0284	-0.0154	0.7667	-0.0154	0.7667
7	117295084	rs118156631	C	G	0.0213	0.0025	0.9709	0.0025	0.9709	NA	NA	NA	NA	NA
7	117296630	rs11974545	T	G	0.0918	0.0197	0.5279	0.0258	0.3111	0.0278	-0.0121	0.8183	-0.0121	0.8183
7	117299434	rs113827944	A	G	0.6464	-0.0719	0.000361	-0.0719	0.000361	0.7776	-0.0842	0.01863	-0.0842	0.01863
7	117300188	rs34331324	C	A	0.0937	0.0182	0.5305	0.0221	0.3818	0.0285	-0.015	0.772	-0.015	0.772
7	117300259	rs17140297	G	C	0.0937	0.0182	0.531	0.022	0.3821	0.0285	-0.015	0.7719	-0.015	0.7719
7	117300742	rs149416044	A	G	0.084	0.0203	0.5618	0.0298	0.2701	0.0279	-0.0145	0.7861	-0.0145	0.7861
7	117301328	rs35986679	A	G	0.0159	0.2259	0.009901	0.2259	0.009901	0.0085	0.7611	0.02219	0.7611	0.02219
7	117303145	rs6980032	A	C	0.0937	0.0181	0.5346	0.0219	0.3859	0.0285	-0.0152	0.7693	-0.0152	0.7693
7	117303243	rs17549557	T	G	0.0938	0.0181	0.5335	0.0219	0.3853	0.0286	-0.0151	0.7717	-0.0151	0.7717
7	117304459	rs10266116	C	T	0.0977	0.0191	0.5149	0.0235	0.3495	0.0338	-0.0103	0.8391	-0.0103	0.8391
7	117305374	rs4727855	A	G	0.0973	0.0186	0.5322	0.0234	0.354	0.0332	-0.0112	0.8271	-0.0112	0.8271
7	117305816	rs1429568	C	T	0.0957	0.0173	0.5629	0.0221	0.3814	0.0312	-0.0171	0.7408	-0.0171	0.7408
7	117307108	rs1800136	A	G	0.0941	0.0168	0.5815	0.0217	0.3892	0.0293	-0.019	0.7151	-0.019	0.7151
7	117308413	rs1042180	T	C	0.0941	0.0173	0.5693	0.0223	0.3781	0.0293	-0.0187	0.7195	-0.0187	0.7195
7	117309974	rs10272233	A	G	0.0942	0.0181	0.5556	0.0232	0.3587	0.0293	-0.0163	0.7541	-0.0163	0.7541
7	117310976	7:117310976:T_TA	I	R	0.0942	0.0187	0.5458	0.0239	0.3455	0.0293	-0.0145	0.7803	-0.0145	0.7803
7	117311066	rs10441245	G	A	0.0942	0.0189	0.5434	0.024	0.3421	0.0293	-0.0141	0.7872	-0.0141	0.7872
7	117311117	rs4730793	T	C	0.0942	0.0189	0.5425	0.0241	0.3408	0.0293	-0.0139	0.7903	-0.0139	0.7903
7	117311123	rs4730794	G	A	0.0956	0.0289	0.3094	0.0316	0.2102	0.0302	-0.0084	0.8701	-0.0084	0.8701
7	117311713	rs1594189	G	T	0.0942	0.0191	0.5385	0.0244	0.3359	0.0293	-0.0132	0.8008	-0.0132	0.8008
7	117311978	rs177284	C	T	0.1217	0.027	0.291	0.0289	0.2084	0.0382	-0.0058	0.9027	-0.0058	0.9027
7	117312126	rs34751928	C	T	0.0393	0.0401	0.3143	0.0401	0.3143	NA	NA	NA	NA	NA
7	117312350	rs11764070	G	T	0.0947	0.0189	0.5463	0.0242	0.3395	0.0297	-0.013	0.8029	-0.013	0.8029
7	117313645	rs6943317	T	C	0.0941	0.02	0.523	0.0253	0.3189	0.0293	-0.0119	0.8204	-0.0119	0.8204
7	117314406	rs214159	A	C	0.0959	0.0287	0.3463	0.033	0.1906	0.0305	-0.0063	0.9038	-0.0063	0.9038
7	117316601	rs1366912	G	A	0.0939	0.0208	0.5083	0.0261	0.3029	0.029	-0.0118	0.8219	-0.0118	0.8219
7	117317644	rs214160	C	T	0.1219	0.0281	0.2875	0.0303	0.1874	0.0387	-9e-04	0.9844	-9e-04	0.9844
7	117318803	rs35292549	A	G	0.0936	0.0198	0.5344	0.0253	0.3193	0.0289	-0.0113	0.8297	-0.0113	0.8297
7	117319033	rs214161	G	C	0.1225	0.0306	0.2277	0.0323	0.1585	0.039	-1e-04	0.9978	-1e-04	0.9978
7	117319840	rs6975912	T	C	0.0266	0.0232	0.7247	0.02	0.6766	NA	NA	NA	NA	NA
7	117322367	rs10244694	A	G	0.1308	0.0306	0.2577	0.0352	0.1173	0.0341	0.0132	0.792	0.0132	0.792
7	117322403	rs12534210	T	G	0.1299	0.0268	0.343	0.0326	0.1482	0.0338	0.0138	0.7845	0.0138	0.7845
7	117322658	rs12534233	T	C	0.0919	0.0243	0.4632	0.0318	0.2159	0.0282	-0.0086	0.8717	-0.0086	0.8717
7	117322912	rs1429563	T	C	0.1306	0.0307	0.2556	0.0353	0.1163	0.0339	0.0131	0.7933	0.0131	0.7933
7	117324019	rs6466618	A	G	0.1303	0.0308	0.2553	0.0354	0.1143	0.0336	0.013	0.7957	0.013	0.7957
7	117324588	rs17452984	A	G	0.1302	0.0309	0.2533	0.0356	0.1132	0.0335	0.0134	0.7904	0.0134	0.7904
7	117324640	rs12672572	T	C	0.0272	0.026	0.6922	0.0228	0.6286	NA	NA	NA	NA	NA
7	117325184	rs214152	T	C	0.1599	0.0394	0.05703	0.0394	0.05703	0.0445	0.0202	0.6427	0.0202	0.6427
7	117325481	rs35216437	C	A	0.0916	0.0255	0.4427	0.0328	0.2026	0.0278	-0.0076	0.8878	-0.0076	0.8878
7	117325866	7:117325866:TG_T	D	R	0.0914	0.0267	0.4197	0.034	0.1874	0.0277	-0.0072	0.8945	-0.0072	0.8945
7	117327325	rs7796211	T	G	0.1295	0.0312	0.2577	0.036	0.1098	0.0325	0.0142	0.7813	0.0142	0.7813
7	117327512	rs7779353	C	T	0.1294	0.0313	0.254	0.0361	0.1093	0.0324	0.0144	0.7777	0.0144	0.7777
7	117327595	rs7796168	C	A	0.1294	0.0309	0.2621	0.0358	0.1125	0.0324	0.0146	0.775	0.0146	0.775
7	117327742	7:117327742:T_TTC	I	R	0.1285	0.0258	0.4228	0.035	0.1329	0.0342	0.022	0.6897	0.022	0.6897
7	117327756	rs668926	C	T	0.124	0.0272	0.327	0.0294	0.2177	0.0337	0.0181	0.7342	0.0181	0.7342
7	117328370	rs10226907	T	C	0.1289	0.0318	0.2511	0.0366	0.1052	0.0319	0.0154	0.7654	0.0154	0.7654
7	117329324	rs17550204	C	T	0.1287	0.0321	0.2474	0.0369	0.1027	0.0315	0.0161	0.7568	0.0161	0.7568
7	117329970	rs10231905	A	G	0.1283	0.0302	0.2855	0.0357	0.1149	0.0312	0.0167	0.7485	0.0167	0.7485
7	117331712	rs34374846	C	G	0.1279	0.0306	0.283	0.036	0.1121	0.0307	0.0177	0.7364	0.0177	0.7364
7	117332914	rs975722	G	A	0.1587	0.0417	0.0438	0.0417	0.0438	0.0425	0.0262	0.5547	0.0262	0.5547
7	117334618	rs2059938	G	C	0.0941	0.0427	0.1376	0.0451	0.07836	0.0282	0.0153	0.7807	0.0153	0.7807
7	117334852	rs1208524	T	C	0.1595	0.0407	0.04875	0.0407	0.04875	0.0437	0.0275	0.5281	0.0275	0.5281
7	117335157	rs1208525	T	C	0.1574	0.0462	0.02631	0.0462	0.02631	0.0435	0.0283	0.5179	0.0283	0.5179
7	117337484	rs1208526	A	G	0.1597	0.0403	0.05049	0.0403	0.05049	0.0442	0.027	0.5307	0.027	0.5307
7	117337912	rs4730795	A	C	0.0944	0.0417	0.1392	0.044	0.08488	0.0287	0.018	0.7395	0.018	0.7395
7	117337948	rs4373465	G	C	0.0265	0.0069	0.884	0.0069	0.884	NA	NA	NA	NA	NA
7	117338561	rs34257228	T	C	0.0266	0.0068	0.8855	0.0068	0.8855	NA	NA	NA	NA	NA
7	117339002	rs1208528	T	C	0.1604	0.0407	0.04823	0.0407	0.04823	0.045	0.0287	0.5039	0.0287	0.5039
7	117340191	rs1896885	C	A	0.0612	0.0048	0.8917	0.0059	0.8525	NA	NA	NA	NA	NA
7	117340986	rs6967714	A	G	0.0955	0.0437	0.1258	0.0464	0.06659	0.0299	0.0296	0.5729	0.0296	0.5729
7	117342229	rs2402229	T	G	0.1612	0.0412	0.04508	0.0412	0.04508	0.0462	0.0308	0.469	0.0308	0.469
7	117342315	rs4500028	A	T	0.0955	0.0445	0.1186	0.0471	0.06211	0.0301	0.0306	0.5591	0.0306	0.5591
7	117342771	rs6977789	G	A	0.0958	0.0464	0.09733	0.0487	0.05312	0.0301	0.0322	0.5369	0.0322	0.5369
7	117344368	rs17140352	C	G	0.0958	0.0469	0.08764	0.0487	0.05267	0.0302	0.0326	0.5308	0.0326	0.5308
7	117344654	rs7793030	G	A	0.063	0.0066	0.835	0.0066	0.835	NA	NA	NA	NA	NA
7	117345652	rs11767185	A	G	0.0954	0.0457	0.09827	0.0476	0.05945	0.0301	0.0319	0.5412	0.0319	0.5412
7	117346112	rs10953848	C	T	0.0962	0.0477	0.07177	0.0488	0.05212	0.0306	0.0324	0.53	0.0324	0.53
7	117346660	rs6970681	G	C	0.1622	0.0415	0.04449	0.0415	0.04449	0.0474	0.0327	0.4438	0.0327	0.4438
7	117347082	rs11768272	A	G	0.0961	0.0483	0.06221	0.0489	0.05137	0.0305	0.0337	0.5131	0.0337	0.5131
7	117348905	rs7777807	T	C	0.1625	0.0413	0.0467	0.0413	0.0467	0.0477	0.0311	0.4742	0.0311	0.4742
7	117349085	rs10266794	T	C	0.0636	0.0047	0.882	0.0047	0.882	NA	NA	NA	NA	NA
7	117350828	7:117350828:A_AAA	I	R	0.0937	0.0498	0.07771	0.0515	0.04587	0.0293	0.0229	0.6708	0.0229	0.6708
7	117351163	rs4730796	C	T	0.0201	0.0598	0.3652	0.0598	0.3652	0.0177	0.1424	0.1163	0.1424	0.1163
7	117352536	rs4730797	G	A	0.0955	0.046	0.0864	0.0474	0.06028	0.0296	0.0238	0.6512	0.0238	0.6512
7	117354369	rs4730798	T	C	0.0954	0.0455	0.09381	0.0472	0.0612	0.0293	0.0209	0.6918	0.0209	0.6918
7	117354866	rs3735645	A	G	0.8349	-0.0409	0.05071	-0.0409	0.05071	0.9497	-0.0263	0.5515	-0.0263	0.5515
7	117355509	rs7804816	C	T	0.0975	0.0545	0.02964	0.0545	0.02964	0.0309	0.0396	0.439	0.0396	0.439
7	117356535	rs34445757	T	C	0.0664	0.0074	0.8163	0.0074	0.8163	NA	NA	NA	NA	NA
7	117356893	rs6978581	C	T	0.1652	0.0417	0.04672	0.0417	0.04672	0.0507	0.0263	0.5533	0.0263	0.5533
7	117357607	rs112426201	C	T	0.6239	-0.0698	0.0004488	-0.0698	0.0004488	0.7513	-0.0697	0.03367	-0.0697	0.03367
7	117357909	rs6466619	T	C	0.8325	-0.0419	0.04642	-0.0419	0.04642	0.9468	-0.0263	0.5529	-0.0263	0.5529
7	117361032	7:117361032:A_AAA	I	R	0.095	0.0622	0.01535	0.0622	0.01535	0.0305	0.0403	0.4373	0.0403	0.4373
7	117364998	rs6973257	A	G	0.099	0.0561	0.02454	0.0561	0.02454	0.0325	0.0367	0.462	0.0367	0.462
7	117365754	7:117365754:C_CT	I	R	0.0939	0.0494	0.1011	0.0532	0.03761	0.0292	0.0214	0.6843	0.0214	0.6843
7	117366592	rs35454880	G	A	0.0939	0.0496	0.09971	0.0534	0.03697	0.0292	0.0217	0.6804	0.0217	0.6804
7	117367930	rs7784537	G	A	0.0387	-0.0083	0.8581	-0.0083	0.8581	0.022	0.0314	0.8204	-0.0284	0.7766
7	117370920	7:117370920:AT_A	D	R	0.0943	0.047	0.08108	0.048	0.06101	0.0302	0.0213	0.6815	0.0213	0.6815
7	117372067	rs35941557	G	A	0.097	0.0506	0.04633	0.0506	0.04633	0.0319	0.0343	0.4981	0.0343	0.4981
7	117372203	rs1468262	A	G	0.0965	0.0531	0.0371	0.0531	0.0371	0.0316	0.0374	0.462	0.0374	0.462
7	117372463	rs1966352	T	G	0.0814	0.0638	0.06187	0.069	0.01219	0.0268	0.051	0.4337	0.0544	0.3283
7	117372998	rs4730799	C	T	0.0969	0.051	0.04485	0.051	0.04485	0.0318	0.0366	0.472	0.0366	0.472
7	117377645	rs757278	T	G	0.129	0.0619	0.006556	0.0619	0.006556	0.0366	0.078	0.1023	0.078	0.1023
7	117378356	rs739798	C	T	0.1293	0.0593	0.00889	0.0593	0.00889	0.0368	0.0765	0.1071	0.0765	0.1071
7	117379246	rs35871198	T	C	0.0854	0.0734	0.05006	0.0787	0.003498	0.0284	0.0764	0.2916	0.0703	0.2022
7	117380199	rs4730801	G	A	0.0849	0.0711	0.05673	0.0772	0.004293	0.028	0.0658	0.3478	0.0649	0.2419
7	117380622	rs4730802	C	T	0.0893	0.0687	0.05668	0.0712	0.006885	0.0315	0.0444	0.4707	0.0406	0.4346
7	117381393	rs10278481	T	C	0.0889	0.0702	0.05089	0.0736	0.005395	0.0313	0.0461	0.4607	0.0423	0.418
7	117381544	7:117381544:AT_A	D	R	0.0838	0.0646	0.06771	0.0713	0.008926	0.0272	0.0596	0.341	0.0626	0.2705
7	117381806	rs10249419	T	A	0.1292	0.0578	0.01121	0.0578	0.01121	0.0369	0.0693	0.1491	0.0693	0.1491
7	117382261	rs10249988	G	A	0.1395	0.0417	0.0596	0.0417	0.0596	0.0379	0.0589	0.2174	0.0589	0.2174
7	117388748	rs10242695	C	T	0.0906	0.0663	0.01689	0.067	0.009859	0.0309	0.0221	0.6739	0.0221	0.6739
7	117389972	rs10247163	C	T	0.0901	0.0682	0.01229	0.0688	0.008178	0.0307	0.0228	0.664	0.0228	0.664
7	117391303	rs35522360	T	C	0.0242	-0.0488	0.4186	-0.0488	0.4186	NA	NA	NA	NA	NA
7	117393611	rs4730803	C	T	0.0905	0.0694	0.01335	0.0706	0.006796	0.0313	0.0279	0.5969	0.0279	0.5969
7	117393818	7:117393818:TG_T	D	R	0.0906	0.0694	0.01337	0.0706	0.006762	0.0313	0.0281	0.5945	0.0281	0.5945
7	117394644	rs11975899	C	T	0.0859	0.0702	0.02484	0.0747	0.005417	0.0274	0.0623	0.2823	0.0623	0.2823
7	117395160	rs10230544	G	C	0.1304	0.0574	0.01136	0.0574	0.01136	0.0365	0.0614	0.2079	0.0614	0.2079
7	117395888	rs6960332	C	T	0.1439	0.0478	0.02724	0.0478	0.02724	0.0387	0.0588	0.2116	0.0588	0.2116
7	117395995	rs6978213	G	A	0.144	0.0484	0.02536	0.0484	0.02536	0.0388	0.0615	0.191	0.0615	0.191
7	117396193	rs10234869	A	G	0.0915	0.0686	0.01919	0.0705	0.006728	0.0323	0.0325	0.5372	0.0325	0.5372
7	117398604	rs2189388	G	T	0.1443	0.0482	0.02598	0.0482	0.02598	0.0392	0.0613	0.1916	0.0613	0.1916
7	117400970	rs6967118	A	C	0.0917	0.0698	0.02222	0.0735	0.004748	0.0328	0.0382	0.4638	0.0382	0.4638
7	117401398	rs10258815	A	G	0.1441	0.0492	0.02707	0.0498	0.02162	0.0393	0.065	0.1658	0.065	0.1658
7	117405118	rs10250116	T	C	0.0559	-0.0129	0.6945	-0.0129	0.6945	NA	NA	NA	NA	NA
7	117406089	rs17140401	T	C	0.0563	-0.0121	0.7104	-0.0121	0.7104	NA	NA	NA	NA	NA
7	117406238	rs10254610	A	G	0.1456	0.0479	0.03424	0.049	0.02277	0.0407	0.0654	0.1522	0.0654	0.1522
7	117407882	rs35596763	A	G	0.5724	-0.0785	0.0001027	-0.0785	0.0001027	0.6804	-0.0855	0.005088	-0.0855	0.005088
