CHR	BP	SNP	VAR	REF	ALL.FREQ.VAR	ALL.RANDOM.BETA	ALL.RANDOM.PVAL	ALL.FIXED.BETA	ALL.FIXED.PVAL	FF.FREQ.VAR	FF.RANDOM.BETA	FF.RANDOM.PVAL	FF.FIXED.BETA	FF.FIXED.PVAL
13	25200033	rs74041290	A	G	0.0468	0.0083	0.8498	0.0065	0.8556	0.0439	-0.0173	0.7044	-0.0173	0.7044
13	25200097	rs73457587	T	C	0.0823	-0.0379	0.1577	-0.0379	0.1576	0.082	-0.0425	0.3144	-0.0378	0.252
13	25200406	rs7981485	G	C	0.2254	-0.0335	0.05831	-0.0335	0.05831	0.2225	-0.0399	0.06987	-0.0399	0.06987
13	25200597	rs7317681	T	C	0.4102	0.0243	0.1006	0.0243	0.1006	0.4115	0.0066	0.7766	0.0074	0.6859
13	25200684	rs12429026	A	G	0.0468	0.0083	0.8497	0.0065	0.8543	0.0439	-0.0171	0.7078	-0.0171	0.7078
13	25200829	rs2050880	G	T	0.2255	-0.0338	0.05619	-0.0338	0.05619	0.2225	-0.0399	0.06958	-0.0399	0.06958
13	25201387	rs751782	T	C	0.4112	0.0256	0.08416	0.0256	0.08416	0.4122	0.0074	0.7538	0.0083	0.6503
13	25201908	rs943055	A	C	0.2183	0.0146	0.4693	0.0171	0.3302	0.2242	-0.0048	0.8784	0.0091	0.673
13	25202304	rs117323526	T	C	0.0193	-0.0132	0.846	-0.0132	0.846	0.0192	-0.053	0.5345	-0.053	0.5345
13	25202446	rs35625653	T	A	0.3643	0.0046	0.7634	0.0046	0.7634	0.3667	0.0235	0.2115	0.0235	0.2115
13	25203586	rs9511380	G	T	0.1835	-0.048	0.04135	-0.0451	0.01745	0.1827	-0.0441	0.08367	-0.0425	0.06947
13	25203838	rs9581131	T	C	0.4093	0.0238	0.1077	0.0238	0.1077	0.4103	0.0065	0.7815	0.0072	0.6938
13	25203846	rs9511381	A	T	0.3617	0.0016	0.9141	0.0016	0.9141	0.3642	0.0215	0.2527	0.0215	0.2527
13	25204157	rs12585154	T	G	0.3627	0.0026	0.865	0.0026	0.865	0.3654	0.0211	0.2618	0.0211	0.2618
13	25204328	rs9551125	C	T	0.2208	-0.0288	0.1061	-0.0288	0.1061	0.2189	-0.0332	0.135	-0.0332	0.135
13	25204516	rs9581132	T	C	0.4517	0.0225	0.1441	0.0223	0.1279	0.4499	0.0048	0.827	0.004	0.8238
13	25204741	rs9578767	T	C	0.1829	-0.0486	0.03809	-0.0459	0.016	0.1821	-0.0447	0.08165	-0.0429	0.0677
13	25204993	rs117133300	A	T	0.0157	0.0377	0.7682	0.0267	0.7157	NA	NA	NA	NA	NA
13	25205821	rs12866585	C	T	0.3639	0.0028	0.8565	0.0028	0.8565	0.3665	0.0219	0.2453	0.0219	0.2453
13	25206129	rs12429795	G	A	0.1796	-0.0374	0.05158	-0.0374	0.05158	0.1802	-0.0375	0.1125	-0.0375	0.1125
13	25206499	rs9553380	C	T	0.0945	-0.0335	0.1977	-0.0337	0.1832	0.0954	-0.0348	0.2683	-0.0348	0.2683
13	25206924	rs7998430	A	G	0.1776	-0.0507	0.03969	-0.0467	0.0163	0.1765	-0.0444	0.09058	-0.0427	0.07505
13	25206953	rs117527796	T	C	0.016	-0.0569	0.5635	-0.0566	0.559	0.0166	-0.0185	0.8743	-0.0185	0.8743
13	25207152	rs8001155	A	G	0.4519	0.0224	0.1615	0.0221	0.134	0.4502	0.0033	0.8812	0.0023	0.8991
13	25207200	rs35917810	C	T	0.0508	0.0245	0.5954	0.0145	0.6718	0.0492	-0.0174	0.6876	-0.0174	0.6876
13	25208302	rs9581133	G	A	0.1819	0.015	0.4357	0.015	0.4357	0.1757	-1e-04	0.9971	-1e-04	0.9971
13	25208329	rs36041957	T	G	0.0498	0.0265	0.5447	0.0198	0.5679	0.0484	-0.0141	0.7466	-0.0141	0.7466
13	25208421	rs9581134	A	G	0.4106	0.0103	0.4924	0.0103	0.4924	0.4104	-0.006	0.8064	-0.0061	0.7436
13	25208438	rs9578768	A	G	0.4614	0.0131	0.4039	0.0129	0.3831	0.4598	-0.0064	0.7808	-0.009	0.6252
13	25208774	13:25208774:GTC_G	D	R	0.0166	-0.0621	0.5155	-0.062	0.5144	0.0173	-0.0262	0.8188	-0.0262	0.8188
13	25208811	rs17394246	T	C	0.0127	-0.0019	0.9863	-0.0019	0.9863	0.0136	-0.0578	0.6647	-0.0578	0.6647
13	25209108	rs12427562	A	G	0.4509	0.0121	0.4402	0.0119	0.431	0.4502	-0.006	0.7815	-0.0079	0.6741
13	25209282	rs6490965	C	A	0.4551	0.0122	0.4266	0.0121	0.4218	0.4547	-0.0068	0.7537	-0.0083	0.6576
13	25209409	rs1998834	T	C	0.1562	-0.0319	0.2724	-0.0242	0.2343	0.1572	-0.0342	0.2764	-0.0272	0.2789
13	25210021	rs61948768	G	C	0.1961	0.0176	0.3835	0.0178	0.3703	0.202	0.0041	0.8987	0.0146	0.5524
13	25210064	rs9551126	C	T	0.0925	-0.0291	0.3122	-0.0296	0.2477	0.0937	-0.0256	0.4213	-0.0256	0.4213
13	25210165	13:25210165:AT_A	D	R	0.0947	-0.0268	0.2956	-0.0268	0.2956	0.0962	-0.0209	0.5138	-0.0209	0.5138
13	25210258	rs9553382	G	C	0.0273	-0.1419	0.01395	-0.1381	0.008462	0.0249	-0.1271	0.1265	-0.1297	0.05396
13	25210287	rs9551127	T	C	0.0916	-0.0292	0.2548	-0.0292	0.2548	0.0928	-0.0256	0.4221	-0.0256	0.4221
13	25210335	13:25210335:TA_T	D	R	0.0917	-0.0287	0.2624	-0.0287	0.2624	0.0929	-0.0254	0.4261	-0.0254	0.4261
13	25210651	rs9551128	G	A	0.0947	-0.0304	0.2323	-0.0304	0.2323	0.0955	-0.024	0.4499	-0.024	0.4499
13	25210929	rs9551129	T	A	0.0604	0.0359	0.326	0.0359	0.326	0.0588	0.0698	0.1639	0.0641	0.1588
13	25210934	rs17080863	A	G	0.0913	-0.0297	0.2471	-0.0297	0.2471	0.0924	-0.0264	0.4076	-0.0264	0.4076
13	25210959	rs17080865	G	T	0.0913	-0.0297	0.247	-0.0297	0.247	0.0924	-0.0264	0.4077	-0.0264	0.4077
13	25212359	rs61948769	T	A	0.1943	-0.011	0.6582	-0.011	0.6582	0.1959	0.0032	0.9388	0.0088	0.7752
13	25212408	rs57119344	T	G	0.0564	0.0172	0.7059	0.0172	0.7059	0.0557	0.0236	0.6801	0.0236	0.6801
13	25212494	rs56283581	A	G	0.2309	-0.0089	0.7118	-0.0089	0.7118	0.2326	-0.0115	0.7017	-0.0115	0.7017
13	25212502	rs12584253	C	T	0.2855	0.0152	0.4688	0.0152	0.4688	0.2843	0.0171	0.6158	0.0212	0.4165
13	25212832	rs7321370	C	T	0.1241	0.0333	0.214	0.0333	0.214	0.1262	0.0432	0.29	0.0463	0.1558
13	25212884	rs7339035	T	C	0.5368	0.005	0.7957	0.0039	0.8229	0.5363	-0.0028	0.8979	-0.0028	0.8979
13	25213723	rs2863256	A	T	0.3336	-0.0387	0.1307	-0.0262	0.1179	0.3298	-0.0239	0.4	-0.0123	0.5579
13	25214079	rs9511385	A	C	0.3336	-0.0078	0.6782	-0.0078	0.6353	0.3335	-0.0155	0.4658	-0.0157	0.4423
13	25214127	rs61948770	T	C	0.1271	-0.036	0.1332	-0.036	0.1332	0.1275	-0.0131	0.6589	-0.0131	0.6589
13	25214517	rs56142432	C	A	0.1277	-0.0356	0.1359	-0.0356	0.1359	0.1281	-0.0129	0.6626	-0.0129	0.6626
13	25214568	rs56053832	A	G	0.1298	-0.0364	0.1272	-0.0364	0.1272	0.1298	-0.0134	0.6497	-0.0134	0.6497
13	25214757	13:25214757:T_TAT	I	R	0.0398	-0.1438	0.05337	-0.11	0.008369	0.0385	-0.1478	0.06283	-0.109	0.03941
13	25215157	rs74566377	A	G	0.0486	-0.1149	0.08783	-0.0842	0.01879	0.0467	-0.1137	0.1168	-0.079	0.08168
13	25215207	rs80267310	C	T	0.0486	-0.1149	0.08788	-0.0841	0.0188	0.0467	-0.1137	0.1169	-0.079	0.08169
13	25215418	rs4769377	C	T	0.2509	8e-04	0.9604	8e-04	0.9604	0.2524	-0.0041	0.8455	-0.0041	0.8455
13	25215465	rs71429894	T	G	0.1005	0.0388	0.1229	0.0388	0.1229	0.1044	0.0223	0.5379	0.0143	0.6385
13	25215472	rs4770723	G	C	0.2004	0.0238	0.231	0.0215	0.2436	0.2038	0.0128	0.5685	0.0128	0.5685
13	25215480	rs113826848	A	G	0.1304	0.0273	0.2401	0.0273	0.2401	0.1295	0.0273	0.3449	0.0273	0.3449
13	25215889	rs10467639	T	C	0.2519	5e-04	0.9786	5e-04	0.9786	0.2525	0.0187	0.3991	0.0187	0.3991
13	25215907	rs7318136	A	T	0.4992	-3e-04	0.9863	-3e-04	0.9863	0.497	-0.0101	0.5925	-0.0101	0.5925
13	25215924	13:25215924:AT_A	R	D	0.2501	4e-04	0.9813	4e-04	0.9813	0.2516	-0.0032	0.8771	-0.0032	0.8771
13	25216129	rs10467640	A	G	0.1999	0.0246	0.2171	0.0221	0.2303	0.2033	0.0139	0.5355	0.0139	0.5355
13	25216329	rs12872584	T	C	0.1985	0.0256	0.2046	0.0226	0.2218	0.202	0.0134	0.5512	0.0134	0.5512
13	25216570	rs8002989	C	G	0.0484	-0.1145	0.08805	-0.0836	0.01897	0.0465	-0.1132	0.1172	-0.0785	0.08204
13	25216823	rs12585166	T	C	0.0298	-0.0468	0.3995	-0.0439	0.3502	0.0284	-0.0666	0.275	-0.0666	0.275
13	25216918	rs6490966	G	A	0.3699	-0.0138	0.3797	-0.0138	0.3797	0.3685	-0.0249	0.2539	-0.0244	0.2125
13	25217047	13:25217047:GA_G	D	R	0.2468	9e-04	0.9559	9e-04	0.9559	0.2488	-0.0029	0.8879	-0.0029	0.8879
13	25217202	rs7993152	G	T	0.2468	9e-04	0.9566	9e-04	0.9566	0.2488	-0.0029	0.8876	-0.0029	0.8876
13	25217395	rs7988031	T	C	0.1489	0.003	0.8843	0.003	0.8843	0.151	-0.0115	0.65	-0.0115	0.65
13	25217481	rs7993583	G	T	0.2468	9e-04	0.956	9e-04	0.956	0.2489	-0.0029	0.888	-0.0029	0.888
13	25217906	rs7325426	T	C	0.2472	0.001	0.9509	0.001	0.9509	0.249	-0.0027	0.8941	-0.0027	0.8941
13	25218490	rs55945953	T	G	0.2475	0.0023	0.8958	0.0023	0.8958	0.2474	0.0135	0.5377	0.0135	0.5377
13	25218512	rs9553383	A	C	0.2561	-0.005	0.7649	-0.005	0.7649	0.2572	-0.0073	0.7213	-0.0073	0.7213
13	25218531	rs56405516	A	G	0.0651	0.0192	0.5504	0.0192	0.5504	0.0641	0.0413	0.2993	0.0413	0.2993
13	25218604	rs9553384	C	T	0.2455	-0.0054	0.7542	-0.0054	0.7542	0.245	-0.01	0.6375	-0.01	0.6375
13	25218612	rs9551130	T	C	0.2439	-0.0041	0.8113	-0.0041	0.8113	0.2441	-0.0093	0.6607	-0.0093	0.6607
13	25218613	rs9553385	C	A	0.2455	-0.0054	0.7546	-0.0054	0.7546	0.2451	-0.01	0.6383	-0.01	0.6383
13	25218641	rs9553386	G	A	0.2548	-0.0035	0.8345	-0.0035	0.8345	0.2564	-0.0063	0.76	-0.0063	0.76
13	25218833	rs7332587	G	A	0.1244	0.0327	0.1782	0.0338	0.1306	0.1253	0.0437	0.209	0.043	0.1216
13	25219629	rs9551131	C	T	0.2548	-0.0033	0.8423	-0.0033	0.8423	0.2565	-0.0062	0.7636	-0.0062	0.7636
13	25219882	rs76498689	A	G	0.0472	-0.1029	0.1041	-0.0767	0.03157	0.0458	-0.1031	0.1287	-0.0763	0.08985
13	25220147	rs7322846	A	C	0.1065	0.0091	0.8106	-0.0137	0.566	0.1055	0.0016	0.9559	0.0016	0.9559
13	25220363	rs7323954	G	A	0.257	-0.0048	0.7733	-0.0048	0.7733	0.258	-0.0071	0.7302	-0.0071	0.7302
13	25220396	rs9507385	G	A	0.4607	0.0063	0.7386	0.0075	0.6204	0.4614	0.0039	0.8461	0.0033	0.8599
13	25220421	rs7324118	G	A	0.1057	0.0098	0.7968	-0.0138	0.5671	0.1047	4e-04	0.9905	4e-04	0.9905
13	25220699	rs9551132	G	A	0.2549	-0.0074	0.6586	-0.0074	0.6586	0.2561	-0.0079	0.7018	-0.0079	0.7018
13	25220723	rs34991797	T	G	0.1068	0.0065	0.8623	-0.0152	0.5241	0.1059	-4e-04	0.9895	-4e-04	0.9895
13	25220855	rs61590042	G	C	0.1247	0.0222	0.3304	0.0222	0.3304	0.1237	0.0203	0.4743	0.0203	0.4743
13	25221022	rs7991276	A	G	0.4911	0.0031	0.8566	0.0036	0.809	0.4908	-0.0025	0.8936	-0.0025	0.8936
13	25221061	rs9553387	A	G	0.1492	0.0058	0.7809	0.0058	0.7809	0.1509	-0.0091	0.7192	-0.0091	0.7192
13	25221138	rs9553388	A	G	0.1477	0.0032	0.8787	0.0032	0.8787	0.1498	-0.0102	0.6897	-0.0102	0.6897
13	25221225	rs12859732	A	G	0.1053	0.0044	0.899	-0.0127	0.5947	0.105	0.001	0.9731	0.001	0.9731
13	25221359	rs9553389	C	G	0.3991	0.0023	0.8792	0.0023	0.8792	0.3999	0.0022	0.9236	0.0036	0.8497
13	25222187	rs9507386	T	C	0.1304	0.0364	0.08938	0.0364	0.08938	0.1307	0.0471	0.1436	0.046	0.08484
13	25222465	rs61948772	C	T	0.0383	-0.062	0.1426	-0.062	0.1426	0.0393	-0.0806	0.1154	-0.0806	0.1154
13	25222535	rs9551133	G	A	0.1492	0.0052	0.8006	0.0052	0.8006	0.151	-0.0092	0.7164	-0.0092	0.7164
13	25222623	13:25222623:G_GA	I	R	0.0308	0.1187	0.1002	0.1187	0.1002	0.0309	0.0492	0.581	0.0492	0.581
13	25222881	13:25222881:TC_T	D	R	0.1468	0.0022	0.9144	0.0022	0.9144	0.1486	-0.0095	0.7101	-0.0095	0.7101
13	25222995	rs2902463	A	G	0.1487	0.0019	0.9287	0.0019	0.9287	0.1507	-0.0071	0.7822	-0.0071	0.7822
13	25222998	rs2902464	C	A	0.1465	0.0017	0.9341	0.0017	0.9341	0.1483	-0.0096	0.708	-0.0096	0.708
13	25223149	rs2863257	A	G	0.1704	0.0132	0.538	0.0132	0.538	0.1722	-9e-04	0.9716	-9e-04	0.9716
13	25223159	rs61948773	T	A	0.1216	-0.0207	0.3728	-0.0207	0.3728	0.1222	0.0025	0.9303	0.0025	0.9303
13	25223277	rs9553390	A	G	0.4956	0.0027	0.8574	0.0027	0.8564	0.4952	-0.0034	0.8547	-0.0034	0.8503
13	25223320	rs9553391	C	T	0.2565	-0.0045	0.7858	-0.0045	0.7858	0.2572	-0.0056	0.7839	-0.0056	0.7839
13	25223355	rs9553392	A	G	0.1474	0.0019	0.9287	0.0019	0.9287	0.1495	-0.0112	0.6617	-0.0112	0.6617
13	25223508	rs55990847	A	G	0.2464	9e-04	0.9599	9e-04	0.9599	0.2461	0.0118	0.5845	0.0118	0.5845
13	25223621	rs17080887	G	A	0.0194	0.1281	0.03623	0.1281	0.03623	0.0184	0.0876	0.2568	0.0876	0.2568
13	25223720	rs12873598	A	G	0.1476	0.0024	0.9087	0.0024	0.9087	0.1496	-0.0096	0.7061	-0.0096	0.7061
13	25223760	rs12875179	G	A	0.2566	-0.0048	0.7755	-0.0048	0.7755	0.2573	-0.0054	0.7921	-0.0054	0.7921
13	25223799	rs117903529	A	G	0.0207	-0.0013	0.9839	0.0045	0.9388	0.0199	0.0327	0.6503	0.0327	0.6503
13	25223833	rs56051711	C	T	0.2464	8e-04	0.964	8e-04	0.964	0.2461	0.0116	0.5887	0.0116	0.5887
13	25224246	rs751853	A	G	0.151	0.0031	0.8783	0.0031	0.8783	0.152	-0.0094	0.709	-0.0094	0.709
13	25224575	rs9318695	C	G	0.0299	-0.0482	0.3738	-0.0459	0.3038	0.0287	-0.0754	0.1914	-0.0754	0.1914
13	25224713	rs9553394	T	C	0.1521	-7e-04	0.9713	-7e-04	0.9713	0.1541	-0.0079	0.7528	-0.0079	0.7528
13	25224754	rs9318698	A	G	0.4419	-0.0058	0.6984	-0.0058	0.6984	0.4424	-0.0101	0.6176	-0.0114	0.5398
13	25224949	rs9511392	A	G	0.3386	-0.0026	0.8876	-0.003	0.8458	0.3397	-0.0123	0.5458	-0.0128	0.5106
13	25224980	rs9511393	A	C	0.3395	-0.0037	0.8443	-0.004	0.7964	0.3407	-0.0123	0.5508	-0.0128	0.5094
13	25225085	rs149565657	C	T	0.0174	-0.0519	0.5747	-0.0556	0.5243	0.0179	-0.0985	0.3627	-0.0985	0.3627
13	25225316	rs11619897	G	A	0.2465	4e-04	0.9794	4e-04	0.9794	0.2461	0.0113	0.5983	0.0113	0.5983
13	25225410	rs1122692	A	G	0.0291	-0.0475	0.3972	-0.0418	0.3532	0.0278	-0.0728	0.212	-0.0728	0.212
13	25225837	rs9553395	C	T	0.1527	-6e-04	0.9748	-6e-04	0.9748	0.1546	-0.0074	0.768	-0.0074	0.768
13	25225934	rs17080896	A	G	0.0836	0.0137	0.6194	0.0137	0.6194	0.0885	0.0083	0.8007	0.0083	0.8007
13	25226107	rs1536290	G	C	0.1038	-6e-04	0.9842	-0.008	0.7387	0.1031	-0.002	0.9458	-0.002	0.9458
13	25227422	rs56033367	G	T	0.1223	-0.0203	0.3739	-0.0203	0.3739	0.1228	0.0027	0.9231	0.0027	0.9231
13	25227518	rs118117391	G	C	0.0383	-0.0128	0.7452	-0.0128	0.7452	0.0402	-0.003	0.9499	-0.003	0.9499
13	25227554	rs56333307	A	G	0.2465	3e-04	0.9841	3e-04	0.9841	0.2461	0.0111	0.6026	0.0111	0.6026
13	25227978	rs9511394	G	C	0.115	0.0263	0.2952	0.0271	0.2414	0.1151	0.0367	0.3083	0.035	0.2218
13	25228101	rs61948777	T	C	0.2464	3e-04	0.9861	3e-04	0.9861	0.2461	0.0111	0.6041	0.0111	0.6041
13	25229801	rs61948778	T	C	0.1221	-0.0204	0.3702	-0.0204	0.3702	0.1227	0.0027	0.9228	0.0027	0.9228
13	25229889	rs9553397	C	G	0.1528	-3e-04	0.988	-3e-04	0.988	0.1547	-0.0069	0.783	-0.0069	0.783
13	25229934	rs9553398	T	C	0.1505	-0.0038	0.8547	-0.0038	0.8547	0.1529	-0.0102	0.688	-0.0102	0.688
13	25230156	rs9553399	G	A	0.153	-0.0034	0.8701	-0.0034	0.8701	0.1552	-0.0085	0.7369	-0.0085	0.7369
13	25230360	rs9553400	A	G	0.0287	-0.0466	0.4005	-0.0413	0.3562	0.0273	-0.0728	0.2096	-0.0728	0.2096
13	25230839	rs34123791	A	G	0.1529	-0.0019	0.9273	-0.0019	0.9273	0.1544	-0.009	0.722	-0.009	0.722
13	25231200	13:25231200:C_CTG	I	R	0.4079	0.0103	0.583	0.0103	0.583	0.4075	0.0179	0.4582	0.017	0.465
13	25231201	13:25231201:T_TGT	I	R	0.5271	0.0101	0.5291	0.0099	0.5313	0.528	0.0115	0.6454	0.0074	0.7084
13	25231290	rs7319837	T	C	0.2764	-0.0074	0.6571	-0.007	0.6693	0.2746	-0.0012	0.9535	-2e-04	0.9922
13	25231519	rs9551134	A	T	0.1537	-0.0021	0.9174	-0.0021	0.9174	0.155	-0.0083	0.7407	-0.0083	0.7407
13	25231635	rs7338915	A	G	0.2764	-0.0075	0.6537	-0.0071	0.6656	0.2745	-0.0014	0.947	-4e-04	0.9862
13	25231670	rs7320614	T	A	0.0296	-0.0533	0.2803	-0.0517	0.2371	0.0283	-0.0811	0.1515	-0.0811	0.1515
13	25231715	rs8001375	C	T	0.0324	-0.0497	0.3417	-0.0454	0.2848	0.0301	-0.0797	0.1498	-0.0797	0.1498
13	25231740	rs7984704	T	G	0.0296	-0.0533	0.2802	-0.0517	0.237	0.0283	-0.0811	0.1514	-0.0811	0.1514
13	25232163	rs6490967	G	A	0.0321	-0.047	0.3623	-0.0435	0.3087	0.0297	-0.076	0.1753	-0.076	0.1753
13	25232217	rs6490968	C	T	0.0297	-0.0531	0.2817	-0.0514	0.2389	0.0283	-0.0811	0.1513	-0.0811	0.1513
13	25232459	rs943054	T	C	0.2818	-0.0136	0.511	-0.0083	0.6134	0.2787	-0.006	0.7903	-0.003	0.8826
13	25232531	rs943053	C	T	0.0349	-0.0612	0.287	-0.0539	0.1915	0.0323	-0.1011	0.09327	-0.0907	0.09117
13	25232548	rs1815333	T	C	0.5673	0.0101	0.5639	0.008	0.5892	0.5682	0.0107	0.6507	0.0065	0.7224
13	25232792	rs1815332	G	A	0.3401	-0.0015	0.934	-0.002	0.8986	0.3418	-0.0116	0.5479	-0.0116	0.5465
13	25232975	rs2104479	G	A	0.4888	-0.0059	0.6911	-0.0059	0.6911	0.487	-0.0171	0.4873	-0.0165	0.3739
13	25232979	rs2104478	G	A	0.4852	-0.0077	0.6024	-0.0077	0.6024	0.4845	-0.0158	0.4974	-0.0159	0.3901
13	25233105	rs9581140	C	T	0.4488	-0.0051	0.7303	-0.0051	0.7303	0.4485	-0.01	0.6306	-0.0112	0.542
13	25233124	rs11617326	A	G	0.1245	0.0198	0.3722	0.0198	0.3722	0.1235	0.0157	0.5777	0.0159	0.5642
13	25233238	rs4337151	G	A	0.3975	-9e-04	0.9504	-9e-04	0.9504	0.3992	0.0037	0.8704	0.0047	0.8008
13	25233372	rs11617347	T	G	0.2955	-0.017	0.355	-0.0142	0.3837	0.2929	-0.0033	0.8752	-0.0026	0.8974
13	25233628	rs737322	T	C	0.2725	-0.0127	0.4431	-0.0127	0.4431	0.2753	-0.0038	0.8527	-0.0038	0.8527
13	25233706	rs34083940	C	T	0.2726	-0.0128	0.4411	-0.0128	0.4411	0.2753	-0.0039	0.8493	-0.0039	0.8493
13	25233749	rs9507389	T	C	0.0286	-0.0458	0.4022	-0.0402	0.3668	0.027	-0.0694	0.2299	-0.0694	0.2299
13	25233849	rs9507390	T	G	0.5688	0.0056	0.7044	0.0056	0.7044	0.569	-0.0015	0.9354	-0.0015	0.9354
13	25234085	rs9551135	T	C	0.5245	-0.0229	0.1204	-0.0229	0.1204	0.522	-0.0296	0.2522	-0.0281	0.1248
13	25234117	13:25234117:GA_G	D	R	0.2463	0.0255	0.134	0.0255	0.134	0.2444	0.0296	0.1616	0.0296	0.1616
13	25234120	13:25234120:AG_A	D	R	0.2207	0.0293	0.1059	0.0293	0.1059	0.2186	0.0338	0.1364	0.0338	0.1364
13	25234163	rs9507391	T	C	0.1535	0.0167	0.4106	0.0167	0.4106	0.1511	0.0152	0.5989	0.0164	0.5174
13	25234521	rs7334443	T	C	0.3521	0.0146	0.3409	0.0146	0.3409	0.3555	0.0239	0.3294	0.0216	0.2559
13	25234738	rs6490970	G	A	0.5559	0.0132	0.4373	0.0098	0.5059	0.561	0.0073	0.7497	8e-04	0.9662
13	25234822	rs56028842	T	C	0.2823	-0.0259	0.2241	-0.019	0.2504	0.2801	-0.0129	0.6181	-0.0062	0.7628
13	25234951	rs7335289	T	C	0.5784	0.0272	0.2627	0.0235	0.1127	0.5838	0.0192	0.4524	0.0118	0.5262
13	25235029	13:25235029:TTCTG	R	D	0.4612	0.0071	0.7157	0.0054	0.7263	0.465	-0.0069	0.7819	-0.0107	0.5728
13	25235123	rs73461522	C	T	0.1242	0.0236	0.2956	0.0237	0.2815	0.1236	0.0361	0.3318	0.0315	0.2495
13	25235189	rs111361977	A	C	0.1242	0.0236	0.295	0.0237	0.2811	0.1236	0.0361	0.3315	0.0315	0.2492
13	25235215	rs11617178	C	T	0.1184	0.0114	0.6206	0.0118	0.6028	0.1172	0.0036	0.9077	0.0057	0.8391
13	25235284	13:25235284:G_GTA	I	R	0.1126	0.0018	0.9486	-0.0052	0.8286	0.1111	0.0072	0.8092	0.0072	0.8092
13	25235316	rs9634405	A	G	0.0255	0.1281	0.03345	0.128	0.03249	0.0256	0.0794	0.2914	0.0791	0.2822
13	25235334	rs60759158	C	A	0.0131	-0.0286	0.7923	-0.0164	0.8439	0.0121	-0.1215	0.2749	-0.1215	0.2749
13	25235352	13:25235352:TAC_T	D	R	0.2661	0.0138	0.4476	0.0138	0.4476	0.2671	0.0249	0.3245	0.0261	0.2479
13	25235420	rs7981695	T	C	0.1246	0.025	0.2668	0.0251	0.2573	0.1236	0.0334	0.3644	0.0303	0.2701
13	25235428	rs11620226	T	C	0.0532	-0.0891	0.1327	-0.056	0.1121	0.0521	-0.1081	0.1391	-0.058	0.1862
13	25235453	rs8002368	A	G	0.2651	-0.0035	0.8927	-0.0081	0.6415	0.2633	-9e-04	0.9762	-0.0053	0.8056
13	25235458	rs188627589	T	C	0.0178	0.076	0.3094	0.076	0.3094	0.0191	0.0282	0.7468	0.0282	0.7468
13	25235459	rs35110977	G	C	0.0739	0.0034	0.9267	-0.0048	0.875	0.0719	0.0296	0.45	0.0296	0.45
13	25235461	rs35111693	A	G	0.0733	0.0014	0.9705	-0.0066	0.8291	0.0713	0.0252	0.5206	0.0252	0.5206
13	25235553	rs11616968	G	A	0.1102	0.0178	0.4861	0.0192	0.4332	0.1094	7e-04	0.9857	0.0084	0.7837
13	25235555	rs112987937	C	A	0.2698	5e-04	0.9773	5e-04	0.9773	0.2767	-0.004	0.854	-0.004	0.854
13	25235601	rs8002744	A	G	0.278	-0.0084	0.7418	-0.0105	0.572	0.2761	-0.0072	0.7824	-0.0086	0.7103
13	25235612	rs12871612	A	G	0.437	-0.0155	0.4047	-0.0102	0.5157	0.4424	-0.03	0.2678	-0.0187	0.3328
13	25235616	rs8002752	G	C	0.2852	0.0207	0.3368	0.0156	0.3639	0.2801	0.032	0.2788	0.0257	0.231
13	25235642	rs190087583	A	G	0.043	0.0162	0.7083	0.0162	0.7083	0.0448	-0.0131	0.8047	-0.0131	0.8047
13	25235646	rs7982764	G	A	0.2989	-0.0017	0.9547	-0.0058	0.7374	0.3	-0.001	0.9753	-0.0087	0.6883
13	25235650	rs142618800	C	T	0.0453	0.0238	0.5559	0.0238	0.5559	0.0474	-0.0133	0.7864	-0.0133	0.7864
13	25235691	rs8002793	A	G	0.4817	-0.0077	0.6811	-0.0084	0.5678	0.4848	-0.0015	0.9358	-0.0015	0.9358
13	25235807	rs6490971	T	C	0.4857	-0.007	0.7034	-0.0083	0.5711	0.4887	5e-04	0.9764	5e-04	0.9764
13	25235968	rs11149171	C	T	0.1417	0.0029	0.8997	0.0053	0.8042	0.1426	0.001	0.971	0.001	0.971
13	25236232	rs9511399	T	C	0.3117	0.0011	0.9426	0.0011	0.9426	0.3102	0.0025	0.8983	0.0025	0.8983
13	25236241	rs9511400	C	T	0.3119	0.0012	0.9411	0.0012	0.9411	0.3103	0.0025	0.8968	0.0025	0.8968
13	25236959	rs9511401	G	A	0.29	9e-04	0.9669	-0.005	0.7591	0.289	0.0088	0.7589	-0.0016	0.9367
13	25236963	rs10871150	T	A	0.139	0.0062	0.7738	0.0062	0.7738	0.14	0.004	0.881	0.004	0.881
13	25237070	rs4770726	C	G	0.2737	-0.0097	0.6483	-0.0085	0.6081	0.2709	-0.0123	0.5525	-0.0123	0.5525
13	25237317	rs117833665	G	C	0.0165	0.024	0.7426	0.0237	0.7418	0.0162	-0.001	0.9913	-0.001	0.9913
13	25237481	rs17080907	T	C	0.0507	-0.098	0.09568	-0.0757	0.03114	0.0496	-0.1072	0.1236	-0.0758	0.08502
13	25237504	rs7331491	G	A	0.347	0.003	0.8444	0.003	0.8444	0.3457	0.0141	0.4563	0.0141	0.4563
13	25237791	rs73158307	G	A	0.1723	0.0059	0.7832	0.0084	0.6709	0.1739	0.0194	0.4778	0.0224	0.3577
13	25237925	rs61948790	T	C	0.2912	0.001	0.9627	-0.0048	0.7645	0.2901	0.0108	0.7091	1e-04	0.9976
13	25238082	rs73158309	C	T	0.1604	0.0067	0.7937	0.013	0.532	0.1624	0.0327	0.2042	0.0328	0.2019
13	25238083	rs73158311	C	T	0.1603	0.0067	0.7944	0.013	0.5324	0.1624	0.0327	0.205	0.0328	0.2021
13	25238339	rs35227084	C	T	0.2255	0.0144	0.4217	0.0144	0.4217	0.2318	-0.0027	0.902	-0.0027	0.902
13	25238413	rs9581142	T	C	0.1723	-4e-04	0.9838	-4e-04	0.9838	0.17	0.0011	0.9726	0.0064	0.795
13	25238454	rs9553402	G	A	0.1529	0.0109	0.6898	0.0207	0.3435	0.1543	0.0259	0.4264	0.0339	0.2085
13	25238482	rs9553403	G	A	0.1508	0.0133	0.5722	0.0165	0.4476	0.1522	0.0292	0.2967	0.031	0.2473
13	25238559	rs9553404	T	C	0.1324	0.0062	0.7964	0.0086	0.6998	0.1337	0.0064	0.8169	0.0064	0.8169
13	25238679	rs9553405	C	T	0.1723	0.0056	0.7959	0.0083	0.6742	0.174	0.0192	0.4843	0.0223	0.3595
13	25238694	rs79021481	C	T	0.0532	-0.1012	0.06866	-0.0813	0.01809	0.0516	-0.132	0.08222	-0.0859	0.04712
13	25238816	rs78132418	G	C	0.0532	-0.1012	0.0684	-0.0814	0.01805	0.0516	-0.1321	0.08186	-0.0859	0.04699
13	25238819	rs9553406	T	C	0.1389	0.0059	0.7872	0.0067	0.7531	0.1398	0.0037	0.8882	0.0037	0.8882
13	25238858	rs9553407	T	C	0.192	-0.0213	0.3062	-0.0181	0.3321	0.1914	-0.02	0.3908	-0.02	0.3908
13	25238893	rs9553408	T	C	0.192	-0.0213	0.3063	-0.0181	0.3323	0.1914	-0.0199	0.3909	-0.0199	0.3909
13	25238976	rs28668633	T	C	0.2926	0.0013	0.9508	-0.0036	0.8216	0.2913	0.0092	0.7453	-4e-04	0.9856
13	25239042	rs9553409	G	A	0.2594	0.0152	0.3726	0.0152	0.3726	0.2663	0.0121	0.5704	0.0122	0.561
13	25239354	rs9511402	A	C	0.2536	0.0039	0.8162	0.0039	0.8162	0.2482	0.0074	0.7711	0.006	0.7767
13	25239477	rs9581143	A	G	0.096	-0.0051	0.8428	-0.0051	0.8428	0.0952	-0.0015	0.9621	-0.0015	0.9621
13	25239573	rs9553410	T	C	0.0579	0.0501	0.1686	0.0454	0.1537	0.0609	0.0172	0.7177	0.0129	0.7361
13	25239696	rs117001283	T	C	0.0256	0.062	0.3187	0.062	0.3187	0.0264	0.1214	0.1137	0.1214	0.1137
13	25239699	rs9511403	T	C	0.1216	0.0292	0.1895	0.0292	0.1895	0.1203	0.0392	0.2794	0.0356	0.1975
13	25239744	rs9511404	T	C	0.1216	0.0292	0.1889	0.0292	0.1889	0.1203	0.0392	0.2791	0.0357	0.1972
13	25239921	rs117359867	C	T	0.0327	0.0524	0.3616	0.0524	0.3616	0.0338	0.0991	0.1588	0.0991	0.1588
13	25239924	rs9507393	C	T	0.1216	0.0292	0.1884	0.0292	0.1884	0.1203	0.0392	0.2781	0.0357	0.1961
13	25239929	rs7986068	A	G	0.5537	0.0041	0.7966	0.0028	0.8516	0.5472	0.0178	0.5158	0.0062	0.7363
13	25240014	rs9507394	A	G	0.2973	4e-04	0.9846	-0.0038	0.8132	0.296	0.0138	0.6433	0.0014	0.9442
13	25240465	rs7139660	G	A	0.1725	0.0043	0.8485	0.0076	0.6995	0.1741	0.0178	0.5254	0.0214	0.3799
13	25240623	rs9511405	G	A	0.1211	0.0304	0.1714	0.0304	0.1714	0.12	0.0371	0.2867	0.0345	0.212
13	25240719	rs9511406	G	A	0.1211	0.0309	0.1646	0.0309	0.1646	0.12	0.0377	0.2797	0.0351	0.2052
13	25240819	rs9511407	A	G	0.1169	0.0318	0.162	0.0318	0.162	0.1165	0.0384	0.2841	0.0368	0.1934
13	25240868	rs80150880	T	G	0.5539	0.0041	0.7941	0.003	0.8399	0.5474	0.0169	0.5398	0.0056	0.7633
13	25240982	13:25240982:C_CG	I	R	0.1055	0.0432	0.08312	0.0432	0.08312	0.1039	0.0569	0.1663	0.0524	0.09339
13	25240983	rs9511408	G	C	0.1064	0.044	0.0739	0.044	0.0739	0.1049	0.0561	0.165	0.0523	0.08953
13	25240993	13:25240993:GGC_G	D	R	0.1102	0.0381	0.1157	0.0381	0.1157	0.1089	0.0481	0.2147	0.0445	0.1412
13	25241241	rs943051	C	T	0.1337	-0.019	0.3769	-0.019	0.3769	0.1302	-0.0269	0.32	-0.0269	0.32
13	25241601	rs7328102	C	T	0.1212	0.0318	0.1528	0.0318	0.1528	0.12	0.0384	0.2689	0.0359	0.1959
13	25241628	rs3803220	G	T	0.2473	0.007	0.6849	0.007	0.6849	0.2539	0.01	0.6385	0.01	0.6385
13	25241724	rs3803221	A	G	0.0509	0.0421	0.3491	0.0376	0.2707	0.0537	0.0176	0.7313	0.0134	0.7433
13	25241746	rs3803222	G	A	0.0506	-0.0974	0.09785	-0.0734	0.03752	0.0495	-0.11	0.1156	-0.0786	0.07516
13	25242108	rs1001807	C	T	0.2504	0.0053	0.7583	0.0053	0.7583	0.2571	0.0074	0.7295	0.0074	0.7295
13	25242526	rs895428	A	G	0.0285	-0.0555	0.2168	-0.0555	0.2168	0.0257	-0.1118	0.05566	-0.1118	0.05566
13	25242745	rs1810784	A	G	0.0291	-0.0567	0.2038	-0.0567	0.2038	0.0261	-0.104	0.07278	-0.104	0.07278
13	25242931	rs1001806	A	G	0.2011	0.0022	0.9225	-0.0028	0.8823	0.2041	-0.0102	0.6571	-0.0102	0.6571
13	25243417	rs9507395	C	G	0.5374	0.0164	0.3438	0.0148	0.3485	0.5357	0.0449	0.1297	0.0317	0.1045
13	25243775	rs11618865	A	G	0.0502	0.0451	0.3601	0.0329	0.3328	0.0526	0.0145	0.8252	-0.0064	0.8762
13	25243777	rs55638084	C	G	0.1031	-0.029	0.2389	-0.029	0.2389	0.1021	-0.0418	0.1716	-0.0418	0.1716
13	25243805	rs9551138	C	G	0.0469	-0.0186	0.6488	-0.0162	0.6503	0.0471	-0.0453	0.4427	-0.0324	0.4626
13	25244216	rs11616959	G	C	0.0569	0.0539	0.2786	0.0384	0.2266	0.0595	0.0372	0.5733	0.0119	0.7566
13	25244380	rs17080934	A	G	0.0569	0.053	0.2825	0.0382	0.2275	0.0594	0.0359	0.5828	0.0117	0.76
13	25244395	rs9551139	C	T	0.1466	-0.0437	0.1211	-0.0378	0.06989	0.1419	-0.08	0.06464	-0.0604	0.02078
13	25244691	rs7319170	T	C	0.404	0.0013	0.9456	0.0041	0.7816	0.406	0.0176	0.4493	0.0186	0.3079
13	25244883	rs9553412	G	A	0.1006	-0.0439	0.07185	-0.0439	0.07185	0.0954	-0.0705	0.07313	-0.0638	0.03942
13	25245103	rs17474223	T	C	0.0631	0.0676	0.1701	0.0436	0.1423	0.0663	0.0345	0.5698	0.0089	0.803
13	25245375	rs9581144	A	T	0.11	0.0107	0.6488	0.0107	0.6488	0.1107	0.0211	0.4663	0.0211	0.4663
13	25245466	rs12864635	C	T	0.0632	0.0675	0.1703	0.0434	0.1436	0.0663	0.034	0.5748	0.0084	0.8139
13	25245576	rs12877218	C	G	0.0632	0.0675	0.1704	0.0434	0.1437	0.0663	0.034	0.5749	0.0084	0.814
13	25245752	rs10507337	C	T	0.0632	0.0674	0.1707	0.0434	0.144	0.0663	0.0339	0.5755	0.0084	0.8153
13	25245901	rs9511410	T	C	0.517	0.0092	0.5264	0.0092	0.5264	0.5201	0.028	0.2591	0.0259	0.1502
13	25245992	rs55748937	A	G	0.1494	-0.0312	0.1316	-0.0312	0.1316	0.149	-0.0452	0.07842	-0.0452	0.07842
13	25246164	rs80291024	G	A	0.0433	-0.0257	0.4973	-0.0257	0.4973	0.0443	-0.0341	0.4622	-0.0341	0.4622
13	25246497	rs7331800	T	C	0.5151	0.0087	0.5511	0.0087	0.5511	0.518	0.0274	0.267	0.0259	0.1506
13	25246534	rs7330536	A	G	0.517	0.009	0.5371	0.009	0.5371	0.5202	0.0276	0.2678	0.0258	0.1517
13	25246815	rs11619780	A	G	0.0631	0.0678	0.169	0.044	0.1392	0.0663	0.0338	0.5779	0.0083	0.8165
13	25246838	rs9511411	T	C	0.382	0.0071	0.6329	0.0071	0.6329	0.3841	-0.0036	0.8468	-0.0036	0.8462
13	25247052	rs34611608	C	G	0.0631	0.0679	0.1686	0.0441	0.1384	0.0662	0.0338	0.5775	0.0084	0.8149
13	25247097	rs34137051	C	A	0.0632	0.068	0.1679	0.0442	0.1372	0.0663	0.0339	0.5771	0.0085	0.8131
13	25247159	rs112314794	T	C	0.0231	-0.0311	0.6184	-0.0229	0.657	0.0226	-0.0149	0.8377	-0.0067	0.9165
13	25247286	rs1530530	G	A	0.0632	0.0683	0.1671	0.0444	0.1354	0.0663	0.034	0.5758	0.0087	0.8078
13	25247760	rs9553413	A	G	0.0462	-0.0185	0.6511	-0.0159	0.6533	0.0463	-0.0429	0.4573	-0.0316	0.471
13	25247795	rs12871557	C	A	0.0675	0.0649	0.1451	0.0486	0.09296	0.0712	0.0408	0.461	0.0207	0.5539
13	25248154	13:25248154:AGCTT	D	R	0.1027	-0.0452	0.0636	-0.0452	0.0636	0.0972	-0.0699	0.08309	-0.0619	0.0453
13	25248694	rs139232303	C	T	0.0185	0.0278	0.6678	0.0278	0.6678	NA	NA	NA	NA	NA
13	25248890	rs11620423	A	G	0.0633	0.0712	0.1534	0.0462	0.1215	0.0663	0.0345	0.5721	0.0094	0.7943
13	25248920	rs4770727	T	A	0.1465	-0.0454	0.114	-0.0387	0.06506	0.1412	-0.0802	0.0704	-0.0594	0.02434
13	25249059	rs79989022	A	G	0.0461	-0.018	0.6608	-0.0154	0.6643	0.0462	-0.0421	0.4652	-0.0309	0.4809
13	25249088	rs4770728	T	C	0.1004	-0.0449	0.06555	-0.0449	0.06555	0.095	-0.0707	0.07429	-0.064	0.03853
13	25249104	rs7327589	T	C	0.5167	0.0061	0.6816	0.006	0.6812	0.5193	0.0226	0.3684	0.021	0.2482
13	25249161	rs11619885	C	T	0.0676	0.0674	0.133	0.0502	0.0828	0.0712	0.0413	0.4567	0.0213	0.5414
13	25249475	rs113302933	A	G	0.0191	0.0136	0.8212	0.0136	0.8212	NA	NA	NA	NA	NA
13	25249720	rs76908645	T	C	0.0461	-0.0176	0.6684	-0.015	0.6734	0.0462	-0.0416	0.4714	-0.0304	0.4893
13	25249733	rs9578770	A	G	0.1203	0.0373	0.09661	0.0373	0.09661	0.12	0.0548	0.04813	0.0548	0.04813
13	25249742	13:25249742:T_TC	I	R	0.1005	-0.0459	0.06007	-0.0459	0.06007	0.0951	-0.0718	0.06878	-0.0654	0.03492
13	25249896	rs9553414	A	T	0.1226	0.038	0.0885	0.038	0.0885	0.1221	0.0562	0.04157	0.0562	0.04157
13	25250060	rs11842336	A	G	0.1497	-0.0335	0.1074	-0.0335	0.1074	0.149	-0.0481	0.06392	-0.0481	0.06392
13	25250130	rs17080979	G	C	0.0633	0.0719	0.15	0.0472	0.1142	0.0664	0.035	0.567	0.0103	0.7745
13	25250575	rs9318713	C	G	0.5165	0.0077	0.6008	0.0077	0.6008	0.5203	0.0249	0.3033	0.0233	0.2004
13	25250925	rs75110999	T	G	0.0466	-0.0143	0.7281	-0.0114	0.7488	0.0467	-0.035	0.5458	-0.0231	0.6002
13	25251848	rs61948063	G	A	0.109	-0.0337	0.1673	-0.0337	0.1673	0.1084	-0.053	0.07946	-0.053	0.07946
13	25251950	rs76554838	T	C	0.051	-0.0218	0.6116	-0.0234	0.5242	0.0517	-0.0246	0.5857	-0.0246	0.5857
13	25252503	rs3759456	A	G	0.067	0.0727	0.1067	0.0591	0.04435	0.0708	0.0498	0.3686	0.0349	0.3229
13	25252895	13:25252895:TTC_T	D	R	0.1549	-0.0317	0.1305	-0.0317	0.1305	0.1552	-0.048	0.06497	-0.048	0.06497
13	25252896	13:25252896:TC_T	D	R	0.1558	-0.0311	0.136	-0.0311	0.136	0.1561	-0.0474	0.06715	-0.0474	0.06715
13	25252927	13:25252927:C_CA	I	R	0.0463	-0.0217	0.6027	-0.0229	0.5363	0.0473	-0.0275	0.5446	-0.0275	0.5446
13	25253077	rs3759455	G	T	0.1954	0.0495	0.02397	0.0484	0.009729	0.198	0.0585	0.06675	0.0545	0.01759
13	25253098	rs34439808	C	T	0.0669	0.0731	0.1031	0.0594	0.04343	0.0705	0.0503	0.3613	0.0351	0.3206
13	25253172	rs7319272	T	C	0.1335	-0.0307	0.1938	-0.0307	0.1938	0.1337	-0.062	0.03408	-0.062	0.03408
13	25253174	rs7324815	C	T	0.1335	-0.0319	0.1767	-0.0319	0.1767	0.1336	-0.0641	0.02848	-0.0641	0.02848
13	25253200	rs61948064	A	G	0.1089	-0.0313	0.2062	-0.0313	0.2062	0.1084	-0.0486	0.1134	-0.0486	0.1134
13	25253691	rs12430258	G	A	0.1074	0.0086	0.7155	0.0086	0.7155	0.1089	0.0154	0.5951	0.0154	0.5951
13	25253711	13:25253711:T_TA	R	I	0.197	0.0502	0.04038	0.0481	0.01121	0.2	0.0513	0.1216	0.0477	0.0409
13	25254667	rs1815331	A	G	0.1108	-0.0357	0.1463	-0.0357	0.1463	0.1101	-0.0525	0.08577	-0.0525	0.08577
13	25255052	rs61948065	C	A	0.1133	-0.0361	0.1372	-0.0361	0.1372	0.1123	-0.0522	0.08334	-0.0522	0.08334
13	25255212	rs61948066	T	G	0.1127	-0.0355	0.1429	-0.0355	0.1429	0.1117	-0.0513	0.08887	-0.0513	0.08887
13	25255422	rs61948067	G	C	0.1161	-0.0305	0.2027	-0.0305	0.2027	0.1152	-0.0434	0.145	-0.0434	0.145
13	25255455	rs61948068	T	C	0.1158	-0.0308	0.1991	-0.0308	0.1991	0.1149	-0.0434	0.1445	-0.0434	0.1445
13	25255503	rs61948069	A	G	0.1158	-0.0307	0.1993	-0.0307	0.1993	0.1149	-0.0434	0.1449	-0.0434	0.1449
13	25255575	rs73158338	G	A	0.1156	-0.0295	0.2184	-0.0295	0.2184	0.1148	-0.0417	0.1609	-0.0417	0.1609
13	25255705	rs41288276	A	C	0.0416	-0.0292	0.4494	-0.0292	0.4494	0.0427	-0.0463	0.3278	-0.0463	0.3278
13	25256098	rs61948070	A	G	0.1152	-0.0302	0.2094	-0.0302	0.2094	0.1144	-0.0421	0.1601	-0.0421	0.1601
13	25256537	13:25256537:GTA_G	D	R	0.1067	-0.0285	0.2832	-0.0285	0.2832	0.1059	-0.0362	0.2725	-0.0362	0.2725
13	25256697	rs8002900	A	C	0.1197	-0.0331	0.1619	-0.0331	0.1619	0.1178	-0.0456	0.1221	-0.0456	0.1221
13	25256736	rs73158342	C	T	0.1159	-0.0303	0.206	-0.0303	0.206	0.1151	-0.0423	0.1555	-0.0423	0.1555
13	25256763	rs73158343	G	C	0.1159	-0.0303	0.2063	-0.0303	0.2063	0.1151	-0.0422	0.1558	-0.0422	0.1558
13	25256880	rs73158344	A	G	0.1162	-0.0308	0.1986	-0.0308	0.1986	0.1156	-0.0431	0.1479	-0.0431	0.1479
13	25256896	rs73158345	G	C	0.1164	-0.0308	0.1991	-0.0308	0.1991	0.1157	-0.0431	0.1482	-0.0431	0.1482
13	25257277	13:25257277:G_GT	I	R	0.0636	0.0812	0.1032	0.0644	0.03497	0.0671	0.0634	0.309	0.0417	0.2563
13	25257720	rs113004012	C	T	0.1173	-0.0375	0.1414	-0.037	0.1281	0.1156	-0.0511	0.09246	-0.0511	0.09246
13	25257722	rs79981812	C	T	0.1174	-0.0375	0.1419	-0.037	0.1281	0.1156	-0.0511	0.0926	-0.0511	0.0926
13	25257724	rs77775634	A	C	0.1174	-0.0375	0.1421	-0.037	0.1282	0.1156	-0.0511	0.09268	-0.0511	0.09268
13	25257741	13:25257741:G_GT	I	R	0.1035	0.0072	0.7676	0.0072	0.7676	0.1043	0.0175	0.5615	0.0175	0.5615
13	25257917	rs55641580	T	C	0.1244	-0.0257	0.2787	-0.0257	0.2787	0.1246	-0.0396	0.1784	-0.0396	0.1784
13	25257932	rs55840438	A	C	0.1166	-0.0294	0.2185	-0.0294	0.2185	0.1165	-0.0461	0.1207	-0.0461	0.1207
13	25258051	rs11619672	A	C	0.1273	0.0344	0.1128	0.0344	0.1128	0.1274	0.0497	0.08623	0.0479	0.07369
13	25258143	rs79516284	C	T	0.0763	-0.0127	0.7204	-0.0086	0.7801	0.0748	-0.0193	0.7061	-0.0167	0.6675
13	25258233	rs56083529	A	C	0.1188	-0.0292	0.2198	-0.0292	0.2198	0.1187	-0.0444	0.1332	-0.0444	0.1332
13	25258252	13:25258252:TC_T	R	D	0.5813	0.0033	0.8798	0.0036	0.8125	0.5858	0.0158	0.5952	0.0159	0.4024
13	25258322	rs61948075	C	G	0.445	-0.005	0.8516	-0.0044	0.7702	0.4488	0.0054	0.8667	0.0013	0.9455
13	25258353	rs12867825	C	T	0.1879	0.0065	0.7414	0.0065	0.7414	0.1903	-0.0033	0.8924	-0.0033	0.8924
13	25258811	rs12868533	G	T	0.0606	0.0691	0.1104	0.0609	0.05126	0.0637	0.0423	0.4059	0.0406	0.2798
13	25258816	rs12860747	A	G	0.0606	0.069	0.1105	0.0609	0.05128	0.0637	0.0422	0.4062	0.0406	0.2801
13	25259119	rs13378915	T	C	0.1285	-0.0247	0.2809	-0.0247	0.2809	0.1279	-0.0315	0.2721	-0.0315	0.2721
13	25259223	rs2277422	T	C	0.1285	-0.0247	0.2813	-0.0247	0.2813	0.1279	-0.0315	0.2728	-0.0315	0.2728
13	25259580	rs11620015	T	C	0.1275	0.0343	0.1142	0.0343	0.1142	0.1278	0.0488	0.09337	0.047	0.07967
13	25259729	rs13378235	G	A	0.1285	-0.0247	0.2812	-0.0247	0.2812	0.1279	-0.0314	0.2732	-0.0314	0.2732
13	25259803	rs11617003	C	T	0.1277	0.0347	0.1104	0.0347	0.1104	0.1279	0.0488	0.09391	0.0469	0.08008
13	25260053	rs9581148	C	A	0.1285	-0.0248	0.2798	-0.0248	0.2798	0.128	-0.0314	0.2733	-0.0314	0.2733
13	25260388	rs149878198	A	C	0.0352	0.1252	0.06966	0.1104	0.04289	0.0354	0.2167	0.01275	0.176	0.008433
13	25260637	rs9553415	G	A	0.1646	-0.0133	0.5995	-0.0133	0.5124	0.1606	-0.0343	0.2918	-0.0309	0.2213
13	25260790	rs11620065	A	T	0.125	0.0382	0.08148	0.0382	0.08148	0.1251	0.0583	0.04638	0.0566	0.03626
13	25260793	rs9553416	G	C	0.1682	-0.0102	0.6952	-0.0106	0.5955	0.1636	-0.0323	0.3265	-0.0292	0.239
13	25260915	13:25260915:G_GGA	I	R	0.1697	-0.0116	0.6634	-0.0122	0.5454	0.1644	-0.0343	0.3052	-0.0315	0.2088
13	25260945	rs11618732	A	C	0.1252	0.0381	0.08195	0.0381	0.08195	0.1254	0.0579	0.04648	0.0562	0.037
13	25260961	rs7995316	A	C	0.1681	-0.0102	0.6971	-0.0106	0.5964	0.1634	-0.0323	0.3245	-0.0293	0.2385
13	25261338	rs7983797	C	T	0.3645	-0.0122	0.4332	-0.0121	0.431	0.3559	-0.0121	0.5642	-0.0123	0.5226
13	25261378	rs8000450	G	C	0.3478	-0.0103	0.514	-0.0103	0.514	0.3407	-0.0094	0.6339	-0.0094	0.6339
13	25261471	rs8000659	T	C	0.3562	-0.0099	0.5236	-0.0099	0.5236	0.3494	-0.0101	0.5995	-0.0101	0.5995
13	25261828	rs1867766	C	T	0.2288	0.0021	0.9172	0.0018	0.9183	0.2224	0.0066	0.8365	0.0043	0.8424
13	25261977	rs2863259	C	T	0.2286	0.0021	0.9163	0.0018	0.9176	0.2222	0.0066	0.837	0.0043	0.8427
13	25262014	rs1867767	A	G	0.0472	0.026	0.5086	0.0252	0.5007	0.0486	0.0104	0.8214	0.0104	0.8214
13	25262169	rs1867768	A	G	0.2295	0.0022	0.913	0.0019	0.914	0.2231	0.0068	0.8327	0.0045	0.8335
13	25262286	rs17081002	G	A	0.027	0.0195	0.7141	0.0195	0.7141	NA	NA	NA	NA	NA
13	25262342	rs6490973	G	C	0.2943	0.0146	0.5544	0.0134	0.4013	0.2897	0.0089	0.8093	0.0107	0.5888
13	25262375	rs61948077	G	A	0.0411	-0.075	0.07167	-0.075	0.07167	0.0423	-0.1031	0.04154	-0.1031	0.04154
13	25262942	rs7986361	G	A	0.2316	0.002	0.9167	0.0015	0.9299	0.2243	0.0058	0.8578	0.0043	0.8414
13	25263004	rs7988856	A	G	0.2286	0.0024	0.9047	0.002	0.9051	0.2221	0.0067	0.8336	0.0044	0.8387
13	25263124	rs2070809	C	T	0.2291	0.0031	0.8782	0.0027	0.873	0.2226	0.0081	0.8004	0.0059	0.783
13	25263150	rs61948078	C	G	0.0412	-0.0751	0.07138	-0.0751	0.07138	0.0423	-0.1032	0.04136	-0.1032	0.04136
13	25263227	rs73158356	T	C	0.1137	-0.0247	0.3085	-0.0247	0.3085	0.114	-0.0382	0.203	-0.0382	0.203
13	25263229	13:25263229:T_TA	I	R	0.2115	-6e-04	0.9762	-0.001	0.956	0.2037	0.002	0.9535	-6e-04	0.9785
13	25263299	rs2070810	A	G	0.2941	0.0155	0.5348	0.0141	0.3773	0.2894	0.0095	0.7964	0.0113	0.5682
13	25263539	rs41305040	T	G	0.0607	0.0682	0.1204	0.0597	0.05572	0.064	0.0396	0.4439	0.0378	0.3143
13	25263724	rs895426	G	C	0.2945	0.015	0.5437	0.0138	0.3886	0.2898	0.009	0.8069	0.0109	0.5821
13	25263852	rs895425	A	C	0.2292	0.003	0.8713	0.0028	0.8711	0.2227	0.0057	0.8524	0.0045	0.833
13	25263892	rs895424	C	T	0.2307	0.0027	0.8894	0.0024	0.8898	0.2243	0.005	0.872	0.0039	0.8553
13	25263929	rs3783066	G	C	0.4072	-0.0063	0.7796	-0.0021	0.8925	0.4104	1e-04	0.9956	8e-04	0.966
13	25263996	rs9578771	T	C	0.128	-0.0237	0.3029	-0.0237	0.3029	0.1276	-0.0292	0.3095	-0.0292	0.3095
13	25264037	rs735772	G	A	0.2293	0.0031	0.8689	0.0028	0.8693	0.2229	0.0056	0.8559	0.0044	0.8377
13	25264052	rs1867769	A	G	0.2293	0.0031	0.8686	0.0028	0.8689	0.2229	0.0056	0.8554	0.0044	0.837
13	25264065	rs11619874	T	C	0.0344	-0.0799	0.2452	-0.0799	0.2452	0.034	-0.1012	0.2387	-0.1012	0.2387
13	25264294	rs735771	C	T	0.2946	0.0152	0.5407	0.0139	0.3855	0.2901	0.0089	0.8088	0.0109	0.5819
13	25264369	rs735770	C	T	0.2294	0.0033	0.8613	0.003	0.8601	0.2229	0.0057	0.8527	0.0046	0.8315
13	25264401	rs735769	T	C	0.0343	-0.0501	0.2548	-0.0501	0.2548	0.0339	-0.0125	0.8226	-0.0125	0.8226
13	25264666	rs7996324	T	G	0.2295	0.0033	0.8586	0.0031	0.8568	0.223	0.0058	0.8503	0.0047	0.8269
13	25264715	rs7996486	A	G	0.2296	0.0035	0.8535	0.0032	0.8507	0.2232	0.0061	0.8442	0.005	0.8136
13	25264723	rs7997850	T	C	0.2297	0.0035	0.8531	0.0032	0.8501	0.2232	0.0061	0.8437	0.0051	0.8127
13	25264875	rs77066059	T	C	0.0604	0.0673	0.1367	0.0576	0.06553	0.0637	0.0423	0.428	0.037	0.325
13	25265008	rs7986008	C	T	0.2951	0.0154	0.5352	0.0142	0.3746	0.2905	0.0092	0.8045	0.0114	0.5658
13	25265103	rs7981616	G	A	0.2298	0.0035	0.8513	0.0033	0.8478	0.2233	0.0062	0.8416	0.0052	0.8089
13	25265139	rs2071490	C	T	0.23	0.0038	0.8405	0.0036	0.8351	0.2236	0.0064	0.8376	0.0055	0.798
13	25265271	rs12872010	T	C	0.0601	0.0693	0.1225	0.0603	0.0546	0.0632	0.0455	0.3905	0.0415	0.2713
13	25265495	rs12871180	A	G	0.0601	0.0692	0.1229	0.0603	0.05469	0.0633	0.0455	0.3911	0.0415	0.2713
13	25265773	13:25265773:AC_A	D	R	0.0322	0.0494	0.4672	0.0494	0.4672	0.0311	0.0124	0.8855	0.0127	0.8814
13	25265774	rs7318083	G	C	0.2302	0.004	0.8323	0.0038	0.8258	0.2238	0.0066	0.8327	0.0057	0.7913
13	25265806	rs2071491	T	C	0.2301	0.004	0.8319	0.0038	0.8254	0.2238	0.0066	0.8318	0.0057	0.7902
13	25265904	rs2071492	G	C	0.2302	0.004	0.8313	0.0038	0.8246	0.2238	0.0067	0.8309	0.0057	0.7889
13	25266167	rs2070811	G	A	0.2306	0.0025	0.8902	0.0024	0.8876	0.2241	0.0047	0.8823	0.0042	0.844
13	25266270	rs2070812	A	G	0.2293	0.0029	0.8781	0.0028	0.8735	0.2229	0.0053	0.8695	0.0044	0.8371
13	25266282	rs75922048	T	C	0.0981	-0.0179	0.4815	-0.0179	0.4815	0.0977	-0.006	0.8487	-0.006	0.8487
13	25266346	rs2070813	G	A	0.2305	0.003	0.8716	0.0029	0.8647	0.2239	0.0052	0.8728	0.005	0.8154
13	25266388	rs17081048	T	C	0.0622	0.0559	0.211	0.0497	0.1097	0.0651	0.0345	0.5382	0.0311	0.4064
13	25266396	rs2070814	A	G	0.2304	0.0036	0.8452	0.0036	0.833	0.2235	0.0063	0.8455	0.0065	0.762
13	25266402	13:25266402:TA_T	D	R	0.0969	-0.0125	0.6252	-0.0125	0.6252	0.0972	2e-04	0.9949	2e-04	0.9949
13	25266886	rs963985	T	C	0.2286	0.0077	0.6569	0.0077	0.6569	0.2221	0.0101	0.7395	0.0095	0.6599
13	25266932	rs963984	A	C	0.1022	-0.0371	0.1261	-0.0371	0.1261	0.0956	-0.0533	0.08592	-0.0533	0.08592
13	25267017	rs56291145	C	A	0.0324	-0.0366	0.4945	-0.0412	0.3679	0.0334	-0.05	0.3744	-0.05	0.3744
13	25267088	rs963983	T	C	0.2371	0.0046	0.7851	0.0046	0.7851	0.2305	0.011	0.6983	0.0103	0.6253
13	25267535	rs17081055	T	C	0.2376	0.0039	0.8183	0.0039	0.8183	0.231	0.0105	0.7083	0.0097	0.6471
13	25267734	rs17081058	C	T	0.2376	0.0039	0.8176	0.0039	0.8176	0.2311	0.0105	0.7075	0.0097	0.6463
13	25268107	rs17397030	G	T	0.093	-0.017	0.5061	-0.017	0.5061	0.0928	-0.0051	0.8739	-0.0051	0.8739
13	25268126	rs11616730	T	C	0.2378	0.0033	0.8466	0.0033	0.8466	0.2314	0.0097	0.7327	0.0086	0.6845
13	25268236	rs61948079	C	G	0.1315	-0.0269	0.2318	-0.0269	0.2318	0.1311	-0.0254	0.3661	-0.0254	0.3661
13	25268417	rs9553420	A	G	0.2379	0.0039	0.8172	0.0039	0.8172	0.2315	0.0108	0.7036	0.0098	0.642
13	25268445	rs9553421	A	G	0.2388	0.0051	0.7626	0.0051	0.7626	0.2327	0.0153	0.6179	0.0125	0.5528
13	25268767	rs118100366	C	T	0.033	-0.0587	0.2326	-0.0587	0.2326	0.0315	-0.059	0.3408	-0.059	0.3408
13	25268776	rs2289898	G	A	0.2379	0.0039	0.8188	0.0039	0.8188	0.2316	0.0108	0.7053	0.0097	0.6452
13	25268848	rs2289899	A	G	0.4743	0.0031	0.8896	0.0047	0.7477	0.479	-3e-04	0.9913	-0.0016	0.9305
13	25268934	rs3816332	C	T	0.2379	0.0038	0.8206	0.0038	0.8206	0.2316	0.0108	0.7042	0.0097	0.6453
13	25269082	rs9553423	T	C	0.2379	0.0038	0.8209	0.0038	0.8209	0.2316	0.0108	0.7034	0.0097	0.6446
13	25269105	rs74647871	C	G	0.0267	0.0152	0.7786	0.0152	0.7786	0.0274	-0.0197	0.7984	-0.0045	0.9445
13	25269158	rs9553424	A	G	0.238	0.0038	0.8224	0.0038	0.8224	0.2316	0.0108	0.7029	0.0097	0.6449
13	25269165	rs9318723	T	C	0.4478	0.0033	0.8872	0.003	0.8404	0.4516	0.0018	0.9499	-0.0021	0.9093
13	25269183	rs10219963	C	G	0.2878	-0.0065	0.7695	-0.0082	0.6165	0.2894	-0.0055	0.7852	-0.0055	0.7852
13	25269193	rs9553425	A	G	0.238	0.0038	0.8236	0.0038	0.8236	0.2317	0.0108	0.7012	0.0097	0.6441
13	25269328	rs12873366	A	G	0.0607	0.0693	0.126	0.0599	0.05508	0.064	0.0429	0.4195	0.039	0.2976
13	25269407	rs10219970	A	G	0.2872	-0.0066	0.7669	-0.0084	0.6114	0.2889	-0.0057	0.7814	-0.0057	0.7814
13	25269855	rs12875119	A	C	0.0629	0.0557	0.2172	0.0484	0.1185	0.0654	0.0365	0.5092	0.034	0.3635
13	25269869	rs111845600	T	C	0.0993	-0.0141	0.5781	-0.0141	0.5781	0.0992	-0.0021	0.9472	-0.0021	0.9472
13	25270226	rs12869327	A	G	0.0603	0.0711	0.1129	0.0623	0.04642	0.0635	0.0459	0.3835	0.043	0.2522
13	25270362	rs12870584	T	C	0.0607	0.0694	0.1252	0.0601	0.05437	0.064	0.0432	0.4175	0.0393	0.2944
13	25270450	rs8002339	A	T	0.4741	0.0032	0.8832	0.0049	0.7405	0.4788	-4e-04	0.987	-0.0017	0.9256
13	25270567	rs113428609	A	G	0.1028	-0.0086	0.7244	-0.0086	0.7244	0.1031	-0.0069	0.8208	-0.0069	0.8208
13	25271434	rs1160226	T	C	0.4724	0.0041	0.849	0.0053	0.7185	0.4769	6e-04	0.9805	-0.0013	0.9446
13	25271622	rs73158372	C	A	0.043	-0.0747	0.06746	-0.0747	0.06746	0.0444	-0.102	0.03944	-0.102	0.03944
13	25271852	13:25271852:G_GTG	R	I	0.4889	2e-04	0.9922	0.003	0.8414	0.4937	-0.0022	0.9333	-0.0018	0.9228
13	25271867	rs1867770	C	T	0.4754	0.004	0.8539	0.0051	0.7268	0.4798	-7e-04	0.9791	-0.0025	0.8907
13	25272255	rs724327	G	C	0.0513	0.0565	0.2197	0.0554	0.1048	0.0541	0.0478	0.4054	0.0493	0.2283
13	25272264	rs9553426	T	C	0.0436	0.0023	0.9579	0.0023	0.9579	0.0445	-0.0418	0.4322	-0.0417	0.4305
13	25272430	rs12860338	T	C	0.1023	-0.0078	0.7491	-0.0078	0.7491	0.1026	-0.0063	0.8345	-0.0063	0.8345
13	25272608	rs724328	C	G	0.3922	0.0137	0.5091	0.0104	0.4914	0.389	0.0147	0.6147	0.0154	0.407
13	25272870	rs2289901	T	C	0.1563	-0.0264	0.2	-0.0264	0.2	0.1555	-0.0242	0.3453	-0.0242	0.3453
13	25273088	rs2289902	T	C	0.0211	0.0223	0.6956	0.0223	0.6956	NA	NA	NA	NA	NA
13	25273140	rs2289903	C	T	0.2586	-0.0212	0.3502	-0.0212	0.2111	0.2579	-0.0197	0.3501	-0.0197	0.3501
13	25273157	rs3816333	G	A	0.2587	-0.0212	0.3492	-0.0212	0.2097	0.2582	-0.0198	0.3469	-0.0198	0.3469
13	25273415	rs78549116	C	T	0.0211	0.0225	0.6921	0.0225	0.6921	NA	NA	NA	NA	NA
13	25273450	rs3783063	C	T	0.0211	0.0226	0.6915	0.0226	0.6915	NA	NA	NA	NA	NA
13	25273757	rs77706032	T	C	0.0211	0.0227	0.6897	0.0227	0.6897	NA	NA	NA	NA	NA
13	25274173	rs746500	C	T	0.1558	-0.0258	0.2123	-0.0258	0.2123	0.155	-0.0234	0.3612	-0.0234	0.3612
13	25274175	rs60908277	T	G	0.0441	-0.0611	0.1747	-0.0616	0.162	0.0415	-0.0793	0.1601	-0.0793	0.1582
13	25274526	rs3783061	A	G	0.4487	0.0031	0.8777	0.0042	0.7728	0.4532	-0.0011	0.9659	-0.0035	0.8479
13	25274676	rs3783060	C	G	0.1049	-0.0379	0.1172	-0.0379	0.1172	0.0986	-0.0507	0.1003	-0.0507	0.1003
13	25274913	rs9511415	T	C	0.0199	0.0335	0.6782	0.0335	0.6782	0.0206	-0.0589	0.551	-0.0589	0.551
13	25275267	rs12584624	C	A	0.021	0.0232	0.6841	0.0232	0.6841	NA	NA	NA	NA	NA
13	25275451	rs4294646	C	A	0.2397	0.0029	0.8668	0.0029	0.8668	0.2334	0.0109	0.6926	0.0098	0.6443
13	25275531	rs188133340	T	C	0.0128	0.0944	0.4962	0.0517	0.5204	0.0125	0.0622	0.693	0.0873	0.3991
13	25275532	rs180879312	A	G	0.0232	0.079	0.3274	0.079	0.3274	0.0238	0.0248	0.8023	0.0248	0.8023
13	25275625	rs12877205	C	G	0.1024	-0.0086	0.7253	-0.0086	0.7253	0.1027	-0.0076	0.8016	-0.0076	0.8016
13	25275655	rs12855472	G	A	0.0966	-0.0067	0.7974	-0.0067	0.7974	0.0966	1e-04	0.9976	1e-04	0.9976
13	25275807	rs12583810	T	C	0.021	0.0234	0.6811	0.0234	0.6811	NA	NA	NA	NA	NA
13	25275978	rs2289904	T	C	0.021	0.0235	0.6802	0.0235	0.6802	NA	NA	NA	NA	NA
13	25277093	rs79573033	A	G	0.0204	0.0269	0.6417	0.0269	0.6417	NA	NA	NA	NA	NA
13	25277211	rs78976039	T	C	0.0208	0.0243	0.6707	0.0243	0.6707	NA	NA	NA	NA	NA
13	25277430	rs1964464	T	G	0.4618	0.0039	0.8598	0.004	0.7858	0.4653	1e-04	0.9966	-0.0031	0.8654
13	25277525	rs147102332	T	C	0.041	0.0094	0.8176	0.0094	0.8176	0.0422	0.004	0.9371	0.004	0.9371
13	25277529	rs138539263	T	C	0.0558	0.0612	0.1679	0.0614	0.07112	0.0591	0.0542	0.3332	0.0569	0.1626
13	25277688	rs9581151	T	A	0.2424	1e-04	0.996	1e-04	0.996	0.2352	0.0087	0.7636	0.0079	0.711
13	25277795	rs9578772	G	A	0.2328	-0.0228	0.296	-0.0238	0.1807	0.2335	-0.02	0.3672	-0.02	0.3672
13	25278324	rs12875209	T	C	0.1021	-0.0073	0.7685	-0.0073	0.7685	0.1022	-0.0044	0.885	-0.0044	0.885
13	25278405	rs7322182	A	G	0.4498	0.0042	0.8495	0.0044	0.7631	0.4539	9e-04	0.9749	-0.0028	0.877
13	25278997	rs7323194	G	A	0.2422	4e-04	0.9799	4e-04	0.9799	0.2351	0.0088	0.7606	0.0081	0.7039
13	25279045	rs78581057	T	C	0.0513	0.0593	0.1891	0.0586	0.08736	0.0542	0.0505	0.3779	0.0524	0.2016
13	25279136	13:25279136:CT_C	D	R	0.024	0.0336	0.5511	0.0336	0.5511	NA	NA	NA	NA	NA
13	25279983	rs115710479	G	A	0.0205	0.0269	0.6397	0.0269	0.6397	NA	NA	NA	NA	NA
13	25280086	rs113369154	T	C	0.0514	0.0612	0.1743	0.0599	0.08159	0.0542	0.0526	0.3612	0.0541	0.1888
13	25280753	rs2289905	T	C	0.4165	-0.0034	0.8736	3e-04	0.9852	0.4188	-0.0055	0.8254	-0.0055	0.7708
13	25280845	rs11619373	A	G	0.1322	0.0355	0.1052	0.0355	0.1052	0.132	0.0587	0.04123	0.0568	0.0351
13	25281116	rs2289907	T	C	0.0198	0.038	0.5128	0.038	0.5128	NA	NA	NA	NA	NA
13	25281851	rs6490974	T	C	0.4518	0.0098	0.5227	0.0098	0.5227	0.4532	9e-04	0.9626	9e-04	0.9626
13	25282144	rs79110243	G	A	0.0589	0.0636	0.08483	0.0629	0.0515	0.0608	0.0454	0.3717	0.0455	0.2464
13	25282819	rs61948108	T	C	0.1071	-0.0286	0.243	-0.0286	0.243	0.1088	-0.0412	0.174	-0.0412	0.174
13	25283012	13:25283012:AAG_A	D	R	0.379	-0.0047	0.7957	-0.0033	0.8383	0.378	-0.0076	0.7368	-0.0067	0.7365
13	25283024	13:25283024:GAGAA	D	R	0.0819	0.0607	0.02912	0.0607	0.02912	0.084	0.0493	0.1841	0.0488	0.1533
13	25283033	13:25283033:A_AG	I	R	0.0801	0.0592	0.03386	0.0592	0.03386	0.0822	0.045	0.2465	0.0445	0.1932
13	25283080	rs9511417	G	A	0.0933	0.0655	0.02398	0.0655	0.02398	0.093	0.0944	0.01872	0.0891	0.01247
13	25283084	rs9507397	G	A	0.3776	0.0186	0.511	0.0219	0.2484	0.3762	0.0295	0.2126	0.0295	0.2126
13	25283094	13:25283094:AGAAA	R	D	0.3579	-0.0273	0.1229	-0.0273	0.1229	0.3541	-0.0219	0.3157	-0.0219	0.3157
13	25283098	13:25283098:AGAAG	R	D	0.3208	-0.0313	0.06112	-0.0313	0.06112	0.3184	-0.0261	0.2071	-0.0261	0.2071
13	25283102	rs9507398	G	A	0.3407	-0.0165	0.3216	-0.0165	0.3216	0.339	-0.0157	0.4444	-0.0157	0.4444
13	25283494	rs895423	T	C	0.1068	-0.0261	0.2838	-0.0261	0.2838	0.1084	-0.0401	0.1829	-0.0401	0.1829
13	25283596	rs2289909	T	C	0.0278	0.059	0.3403	0.0643	0.1691	0.0264	0.0048	0.9564	0.0203	0.7347
13	25283657	rs2289910	C	G	0.4743	0.0131	0.3825	0.0131	0.3825	0.4763	0.0042	0.8224	0.0042	0.8224
13	25283744	rs7318859	A	G	0.3906	-0.0058	0.7534	-0.0039	0.7997	0.3905	-0.0068	0.7484	-0.0065	0.7362
13	25284183	rs3783059	T	C	0.0417	0.0636	0.08373	0.0636	0.08373	0.0409	0.0427	0.4272	0.0426	0.3559
13	25284285	rs3783058	G	A	0.0417	0.0636	0.08374	0.0636	0.08374	0.0409	0.0426	0.4273	0.0425	0.3561
13	25284400	13:25284400:A_AT	I	R	0.0537	0.0596	0.2121	0.0596	0.2121	0.0531	0.1399	0.0177	0.1399	0.0177
13	25284407	rs735874	T	A	0.2133	0.0089	0.6237	0.0089	0.6237	0.2139	0.0214	0.334	0.0214	0.334
13	25285361	rs2298306	A	C	0.2397	-0.0296	0.08627	-0.0296	0.08627	0.237	-0.0251	0.24	-0.0251	0.24
13	25285768	rs2722	T	G	0.1299	-6e-04	0.9763	-6e-04	0.9763	0.1306	-0.0101	0.7066	-0.0101	0.7066
13	25285811	rs17081086	T	C	0.0884	-0.0331	0.1949	-0.0331	0.1949	0.09	-0.0381	0.2246	-0.0381	0.2246
13	25285914	rs10507338	A	G	0.0882	-0.0308	0.2286	-0.0308	0.2286	0.09	-0.0381	0.2247	-0.0381	0.2247
13	25286564	rs10507339	A	G	0.0487	0.017	0.6694	0.013	0.6976	0.0478	0.02	0.7256	0.0151	0.7198
13	25286750	rs2073469	T	A	0.5496	0.007	0.6318	0.007	0.6318	0.5529	-0.0031	0.861	-0.0031	0.861
13	25287174	rs10507340	G	A	0.1178	0.0401	0.07568	0.0401	0.07568	0.1177	0.0696	0.02638	0.0637	0.02167
13	25287214	rs9318731	G	A	0.3622	0.0032	0.8307	0.0032	0.8307	0.3572	0.0169	0.3639	0.0169	0.3639
13	25287571	rs9507399	A	G	0.5108	-1e-04	0.9937	-1e-04	0.9937	0.5113	-0.0085	0.634	-0.0085	0.634
13	25288259	rs56333437	T	A	0.0466	-0.0572	0.1392	-0.0572	0.1392	0.048	-0.0992	0.03526	-0.0992	0.03526
13	25288476	13:25288476:C_CT	I	R	0.5334	0.0039	0.7936	0.0039	0.7936	0.5367	-0.0089	0.6284	-0.0089	0.6284
13	25288478	rs4770730	T	C	0.5303	0.004	0.7913	0.004	0.7913	0.5337	-0.0098	0.598	-0.0098	0.598
13	25288479	13:25288479:CT_C	D	R	0.5316	0.0028	0.8504	0.0028	0.8504	0.5348	-0.01	0.5898	-0.01	0.5898
13	25288480	rs4769378	C	T	0.5345	0.0037	0.8046	0.0037	0.8046	0.5379	-0.0085	0.6466	-0.0085	0.6466
13	25288732	rs9318732	G	A	0.5487	0.0058	0.6951	0.0058	0.6951	0.5521	-0.0043	0.811	-0.0043	0.811
13	25288822	rs9578773	C	T	0.0174	0.0522	0.3542	0.0522	0.3542	NA	NA	NA	NA	NA
13	25288843	rs9318733	G	A	0.4433	-0.0074	0.6149	-0.0074	0.6149	0.444	-0.0176	0.3583	-0.0176	0.3325
13	25288914	rs113838992	T	C	0.0503	0.0213	0.5968	0.0167	0.6201	0.0493	0.028	0.6245	0.0226	0.5932
13	25289015	rs9551141	A	G	0.0175	0.0568	0.3105	0.0568	0.3105	NA	NA	NA	NA	NA
13	25289985	rs9507400	A	G	0.5416	0.0059	0.6892	0.0059	0.6892	0.5448	-0.0033	0.8567	-0.0033	0.8567
13	25290052	rs9318734	G	C	0.2713	-0.0127	0.4725	-0.0127	0.4725	0.267	-0.0076	0.7292	-0.0076	0.7292
13	25290191	rs895422	T	C	0.0175	0.0567	0.3118	0.0567	0.3118	NA	NA	NA	NA	NA
13	25290483	rs9511418	T	A	0.4426	-0.0086	0.5567	-0.0086	0.5567	0.4433	-0.0188	0.3175	-0.0189	0.297
13	25290709	rs2863260	T	C	0.0251	0.0552	0.2548	0.0552	0.2548	0.0247	0.0686	0.2522	0.0686	0.2522
13	25290776	rs71429896	C	G	0.0332	0.0026	0.9521	0.0026	0.9521	0.0353	-0.0106	0.8401	-0.0106	0.8401
13	25290993	rs732158	C	G	0.1787	0.0485	0.03645	0.0444	0.02017	0.1812	0.0756	0.03516	0.0611	0.009196
13	25291013	rs2148231	A	G	0.0757	-0.0265	0.3395	-0.0265	0.3395	0.0775	-0.0255	0.4545	-0.0255	0.4545
13	25291160	13:25291160:TTTTT	D	R	0.0757	-0.0264	0.341	-0.0264	0.341	0.0775	-0.0253	0.4584	-0.0253	0.4584
13	25291620	rs60845892	A	G	0.2935	-0.0281	0.08293	-0.0281	0.08293	0.2915	-0.0263	0.1912	-0.0263	0.1912
13	25291876	rs9318740	T	C	0.3678	-0.0151	0.4923	-0.0154	0.3099	0.3645	-0.0164	0.4528	-0.0121	0.5201
13	25292270	rs7989554	T	G	0.3678	-0.0153	0.4904	-0.0155	0.3069	0.3645	-0.0162	0.4558	-0.0122	0.5198
13	25293862	rs150186996	G	A	0.1164	0.044	0.05798	0.044	0.05798	0.1158	0.0799	0.03239	0.0652	0.02226
13	25293963	13:25293963:TC_T	D	R	0.0876	0.0361	0.2072	0.0344	0.1908	0.0896	0.0361	0.382	0.0326	0.3112
13	25294304	rs61948113	A	G	0.056	0.0206	0.6955	0.0223	0.6605	0.055	-0.0386	0.5483	-0.0386	0.5483
13	25294752	rs34820801	T	A	0.1206	0.0377	0.09791	0.0377	0.09791	0.1197	0.0709	0.0253	0.0642	0.02192
13	25295412	rs34424421	G	T	0.226	-0.0287	0.1132	-0.0287	0.1132	0.2226	-0.0203	0.3675	-0.0203	0.3675
13	25295497	rs112491619	G	C	0.0806	-0.0244	0.3777	-0.0244	0.3777	0.0823	-0.0255	0.4533	-0.0255	0.4533
13	25296520	rs112047719	G	T	0.0877	0.0345	0.2351	0.0326	0.2169	0.0898	0.0348	0.4078	0.0309	0.3387
13	25296523	rs112956190	A	G	0.0878	0.0345	0.2336	0.0327	0.216	0.0899	0.035	0.4048	0.0311	0.3353
13	25296527	rs61948115	A	G	0.0791	-0.0309	0.2685	-0.0309	0.2685	0.0804	-0.0316	0.3585	-0.0316	0.3585
13	25296819	rs9507401	G	A	0.5225	-0.0146	0.354	-0.0135	0.3557	0.5242	-0.0301	0.1381	-0.0293	0.1035
13	25296859	rs7323115	A	G	0.4427	-0.0071	0.6796	-0.005	0.7329	0.4431	-0.0203	0.2567	-0.0203	0.2567
13	25297048	rs80125453	G	A	0.0881	0.0345	0.2386	0.0325	0.2191	0.0902	0.0355	0.4013	0.0316	0.3281
13	25297283	rs6490975	C	T	0.0289	0.0482	0.332	0.0482	0.332	0.028	0.0654	0.2893	0.0654	0.2893
13	25297508	13:25297508:CAGCC	D	R	0.1022	-0.0259	0.3922	-0.0259	0.3922	0.0999	-0.0388	0.3035	-0.0388	0.3035
13	25297509	13:25297509:AGCCT	D	R	0.106	-0.019	0.5146	-0.019	0.5146	0.1036	-0.0359	0.37	-0.0319	0.3799
13	25297598	13:25297598:T_TGC	I	R	0.1091	-0.0206	0.4704	-0.0206	0.4704	0.1066	-0.0369	0.3451	-0.0331	0.3501
13	25297604	rs2121255	A	G	0.1147	-0.0383	0.1798	-0.0383	0.1798	0.1141	-0.0196	0.5804	-0.0196	0.5804
13	25297674	rs1562284	T	C	0.1142	-0.0386	0.1787	-0.0386	0.1787	0.1134	-0.0181	0.6115	-0.0181	0.6115
13	25297886	rs9553427	C	T	0.1358	-0.0084	0.7471	-0.0084	0.7471	0.1331	-0.0176	0.5868	-0.0176	0.5868
13	25298654	rs55895950	A	G	0.0772	-0.0395	0.2042	-0.0395	0.2042	0.0787	-0.0428	0.2614	-0.0428	0.2614
13	25299824	13:25299824:T_TC	I	R	0.0496	0.0565	0.2854	0.0552	0.1999	0.051	0.0237	0.6918	0.0277	0.5951
13	25299826	rs77873197	C	T	0.0826	0.0509	0.1441	0.049	0.12	0.0848	0.0592	0.2728	0.0517	0.1758
13	25299898	rs1975538	A	G	0.1525	-0.029	0.3064	-0.029	0.3064	0.1526	-0.0351	0.315	-0.0351	0.315
13	25299991	rs34184691	G	T	0.113	0.046	0.1673	0.0395	0.1644	0.1127	0.0973	0.01474	0.0881	0.01212
13	25300965	rs79710459	A	G	0.0153	0.0665	0.4385	0.0618	0.4371	NA	NA	NA	NA	NA
13	25301243	rs9507402	T	G	0.2924	0.0224	0.5259	0.0293	0.2625	0.2885	0.0271	0.4022	0.0271	0.4022
13	25301293	rs9511420	G	C	0.1612	0.0186	0.6118	0.0189	0.5608	0.1589	0.0181	0.6525	0.0181	0.6525
13	25301858	rs61948117	G	C	0.1916	-0.0209	0.3446	-0.0209	0.3446	0.1936	-0.033	0.2617	-0.0323	0.2344
13	25302009	rs9511421	G	A	0.2074	-0.0146	0.5156	-0.0148	0.4831	0.21	-0.0299	0.3044	-0.0288	0.266
13	25302035	rs76745114	T	G	0.0748	-0.0069	0.9007	-0.0047	0.912	0.0738	0.0235	0.761	0.0177	0.7398
13	25302688	rs9511422	T	C	0.2186	-0.0073	0.7184	-0.0076	0.6972	0.22	-0.0245	0.3937	-0.0223	0.3563
13	25303255	rs7317115	C	T	0.295	-7e-04	0.9719	-0.0038	0.8101	0.2966	-0.0148	0.4543	-0.0148	0.4543
13	25304712	rs9511424	A	G	0.2021	0.0223	0.3502	0.0223	0.3502	0.2007	0.0263	0.3748	0.0263	0.3748
13	25304939	rs56382449	A	C	0.1027	-0.028	0.3804	-0.028	0.3804	0.1035	-0.0643	0.09789	-0.0643	0.09789
13	25304958	rs74041131	A	G	0.0676	0.0055	0.9166	0.0082	0.8407	0.0674	0.0184	0.7995	0.0154	0.763
13	25305392	rs111404345	A	G	0.0638	0.0373	0.3001	0.0363	0.2855	0.0643	0.0246	0.5539	0.0246	0.5539
13	25305426	rs7987186	C	G	0.0812	-0.0325	0.3362	-0.0325	0.3362	0.0818	0.0168	0.6836	0.0168	0.6836
13	25305446	rs9507403	G	A	0.2686	0.0034	0.9023	0.0103	0.6316	0.2681	-0.0051	0.8465	-0.0051	0.8465
13	25305538	rs57195810	A	G	0.1025	-0.0278	0.3846	-0.0278	0.3846	0.1032	-0.0642	0.09834	-0.0642	0.09834
13	25305699	13:25305699:T_TAA	I	R	0.1893	0.0239	0.3173	0.0239	0.3173	0.1879	0.0282	0.3397	0.0282	0.3397
13	25305817	rs151257875	T	C	0.0783	-0.0271	0.4243	-0.0271	0.4243	0.0793	0.0259	0.5282	0.0259	0.5282
13	25306008	rs117239467	A	G	0.0783	-0.027	0.4252	-0.027	0.4252	0.0794	0.0259	0.5276	0.0259	0.5276
13	25306661	rs55693264	T	C	0.0448	0.0155	0.7432	0.0155	0.7432	0.0444	-0.0293	0.6196	-0.0293	0.6196
13	25306717	rs61948119	T	C	0.1021	-0.0286	0.3704	-0.0286	0.3704	0.1027	-0.0649	0.09455	-0.0649	0.09455
13	25307117	rs76129070	T	A	0.071	0.0318	0.3394	0.0318	0.3394	0.0709	0.0185	0.6509	0.0185	0.6509
13	25307214	rs9581156	T	G	0.1492	-0.0127	0.654	-0.0123	0.6322	0.15	0.0234	0.4984	0.0217	0.4903
13	25307640	rs9581160	A	T	0.15	-0.0121	0.676	-0.0115	0.6537	0.1506	0.0226	0.5103	0.021	0.5047
13	25307899	rs80243980	C	T	0.0797	-0.0256	0.4468	-0.0256	0.4468	0.0805	0.025	0.5405	0.025	0.5405
13	25308743	rs9511425	G	A	0.2031	0.0227	0.3107	0.0227	0.3107	0.201	0.0216	0.4372	0.0216	0.4372
13	25309283	rs2863262	A	T	0.3701	-0.019	0.2803	-0.019	0.2803	0.3725	-0.013	0.5483	-0.013	0.5483
13	25309292	rs73158384	A	G	0.2031	0.0227	0.3123	0.0227	0.3123	0.201	0.0216	0.4378	0.0216	0.4378
13	25309665	rs2028869	A	G	0.3336	-0.0058	0.7801	-0.0058	0.7801	0.3335	0.0224	0.5263	0.0081	0.7538
13	25309706	rs2028870	T	C	0.2298	0.0216	0.3353	0.0216	0.3353	0.2287	0.0193	0.4873	0.0193	0.4873
13	25309711	rs2028871	T	G	0.3562	-0.0051	0.804	-0.0051	0.804	0.3566	0.0283	0.4602	0.0045	0.8583
13	25309796	rs149034234	T	C	0.0154	0.0611	0.6135	0.0938	0.3186	NA	NA	NA	NA	NA
13	25309860	rs113762112	T	G	0.1047	-0.0116	0.7538	-0.0118	0.7154	0.1057	-0.0416	0.2948	-0.0416	0.2948
13	25309863	rs111736377	T	A	0.1057	-0.0273	0.3996	-0.0273	0.3996	0.1067	-0.0556	0.1613	-0.0556	0.1613
13	25310041	rs4572236	T	G	0.2903	-0.0128	0.4829	-0.0128	0.4829	0.2917	-0.0213	0.3456	-0.0213	0.3456
13	25310089	rs12428257	T	C	0.0816	-0.0368	0.2968	-0.0368	0.2968	0.083	-0.079	0.06279	-0.079	0.06279
13	25310300	rs2863263	T	C	0.29	-0.0126	0.4922	-0.0126	0.4922	0.2915	-0.021	0.3538	-0.021	0.3538
13	25310541	rs12584574	G	A	0.0797	-0.0252	0.4503	-0.0252	0.4503	0.0805	0.0252	0.5352	0.0252	0.5352
13	25310623	rs57733523	A	G	0.0589	0.0017	0.9748	9e-04	0.983	0.059	0.0213	0.7632	0.0185	0.7268
13	25310652	rs75290528	T	C	0.0796	-0.0251	0.4525	-0.0251	0.4525	0.0804	0.0253	0.5336	0.0253	0.5336
13	25310761	rs61948120	A	G	0.1009	-0.0296	0.3508	-0.0296	0.3508	0.1016	-0.0674	0.08151	-0.0674	0.08151
13	25310874	rs9511427	T	C	0.2029	0.0227	0.3111	0.0227	0.3111	0.2008	0.0217	0.4341	0.0217	0.4341
13	25310963	rs75374059	C	T	0.0802	-0.0237	0.4783	-0.0237	0.4783	0.081	0.0278	0.4939	0.0278	0.4939
13	25311694	rs80107111	A	G	0.0579	0.0482	0.2357	0.0454	0.2128	0.0583	0.0288	0.5195	0.0288	0.5195
13	25311896	rs182299077	C	A	0.1076	-0.0114	0.7339	-0.0114	0.7339	0.1085	0.0401	0.3294	0.0401	0.3294
13	25311991	rs189003414	A	T	0.0433	-0.0399	0.5177	-0.0399	0.5177	0.0427	-0.0902	0.357	-0.0958	0.2095
13	25312010	rs12018599	C	G	0.0384	-0.0233	0.7101	-0.0233	0.7101	0.0374	2e-04	0.998	-8e-04	0.9924
13	25312224	13:25312224:GTATC	D	R	0.2235	0.0103	0.672	0.0103	0.672	0.2219	0.0087	0.7727	0.0087	0.7727
13	25312265	rs142951294	G	A	0.0396	0.0493	0.464	0.0383	0.5058	0.0407	-0.0024	0.9721	-0.0024	0.9721
13	25312523	rs9553430	A	T	0.1916	0.0153	0.5026	0.0153	0.5026	0.1896	0.0105	0.7105	0.0105	0.7105
13	25312644	rs61948121	T	C	0.088	-0.0361	0.2855	-0.0361	0.2855	0.0885	-0.072	0.07865	-0.072	0.07865
13	25312662	rs61948122	C	G	0.0852	-0.0339	0.3277	-0.0339	0.3277	0.0861	-0.0775	0.0635	-0.0775	0.0635
13	25312811	rs77875133	T	G	0.0797	-0.0286	0.3848	-0.0286	0.3848	0.0811	0.019	0.6335	0.019	0.6335
13	25313033	rs56231043	C	T	0.1025	-0.0316	0.3081	-0.0316	0.3081	0.1024	-0.0705	0.06246	-0.0705	0.06246
13	25313073	rs35955434	C	A	0.1566	0.0054	0.8363	0.0054	0.8363	0.1546	0.0154	0.6758	0.0087	0.7871
13	25313119	rs71429898	T	A	0.0793	0.058	0.1051	0.058	0.1051	0.0803	0.0631	0.1524	0.0631	0.1524
13	25313126	rs190327967	C	G	0.0074	0.0117	0.9425	-0.0299	0.8299	0.0078	-0.1948	0.2355	-0.1948	0.2355
13	25313480	rs9551142	C	T	0.5838	-0.0044	0.8018	-0.0044	0.8018	0.5844	-0.0147	0.6074	-0.0111	0.611
13	25314014	rs731547	G	A	0.3994	0.0294	0.08826	0.0294	0.08826	0.3987	0.021	0.3242	0.021	0.3242
13	25314552	13:25314552:CAG_C	R	D	0.2267	0.0345	0.094	0.0345	0.094	0.2253	0.0501	0.107	0.0426	0.0962
13	25314556	13:25314556:GA_G	R	D	0.3462	0.0309	0.1414	0.0309	0.1414	0.3464	0.0401	0.2253	0.0267	0.3049
13	25314626	rs79709413	T	G	0.0568	0.0442	0.2601	0.0442	0.2601	0.0567	0.0223	0.6466	0.0223	0.6466
13	25315036	rs9553431	T	C	0.076	-0.0165	0.6259	-0.0165	0.6259	0.077	-0.0509	0.2136	-0.0509	0.2136
13	25315145	rs9511431	A	G	0.2411	-0.0282	0.1406	-0.0282	0.1406	0.2427	-0.034	0.1502	-0.034	0.1502
13	25315146	rs7332626	T	A	0.2439	-0.0255	0.1816	-0.0255	0.1816	0.2452	-0.0326	0.166	-0.0326	0.166
13	25315313	rs9551143	T	C	0.0899	-0.0199	0.5221	-0.0199	0.5221	0.0899	-0.0481	0.205	-0.0481	0.205
13	25315664	rs67803085	C	G	0.2533	-0.0246	0.1864	-0.0246	0.1864	0.2544	-0.032	0.1655	-0.032	0.1655
13	25316607	rs60781382	T	C	0.15	0.0049	0.8346	0.0049	0.8346	0.1506	0.0237	0.407	0.0237	0.407
13	25316682	rs9578778	T	C	0.0177	-0.189	0.08089	-0.1953	0.02885	0.0176	-0.1864	0.08177	-0.1864	0.08177
13	25316874	rs61948123	T	G	0.253	-0.0257	0.1666	-0.0257	0.1666	0.254	-0.0335	0.1444	-0.0335	0.1444
13	25316928	rs8001699	A	G	0.1512	0.0047	0.8393	0.0047	0.8393	0.1519	0.0227	0.4275	0.0227	0.4275
13	25317257	rs77343605	T	G	0.0817	-0.0256	0.411	-0.0256	0.411	0.0823	0.0198	0.6014	0.0198	0.6014
13	25317396	rs7986729	A	G	0.2249	0.0374	0.06593	0.0374	0.06593	0.2237	0.0522	0.08863	0.0446	0.0776
13	25317575	rs12583657	A	G	0.1231	-0.0416	0.1007	-0.0416	0.1007	0.1267	-0.0282	0.3578	-0.0282	0.3578
13	25318418	rs111387255	T	A	0.1936	-0.0089	0.7191	0.0018	0.9264	0.1907	0.0151	0.6195	0.0212	0.3733
13	25318700	rs7992942	T	C	0.1984	-0.0158	0.5389	-0.0021	0.9106	0.1958	0.0011	0.9736	0.0139	0.5518
13	25318783	rs56216400	A	G	0.1809	0.002	0.9233	0.002	0.9233	0.1831	-0.0072	0.7742	-0.0072	0.7742
13	25319122	rs9551144	A	T	0.2693	0.007	0.6711	0.007	0.6711	0.269	0.0074	0.7159	0.0074	0.7159
13	25319197	rs2863261	T	G	0.1974	-0.0071	0.7559	7e-04	0.9718	0.195	0.0131	0.6421	0.0176	0.4466
13	25319733	rs12428833	A	G	0.0911	0.0265	0.3357	0.0265	0.3357	0.091	-0.004	0.9071	-0.004	0.9071
13	25319800	rs9511432	G	A	0.2767	0.007	0.67	0.007	0.67	0.2767	0.007	0.7301	0.007	0.7301
13	25320243	rs113341396	T	G	0.0922	0.0268	0.3308	0.0268	0.3308	0.092	-0.0053	0.8776	-0.0053	0.8776
13	25321017	rs2004980	C	T	0.0633	0.0282	0.4196	0.0243	0.4377	0.0637	0.0209	0.5867	0.0209	0.5867
13	25321872	rs17081092	T	G	0.0622	0.0282	0.4238	0.0238	0.445	0.0627	0.0211	0.5822	0.0211	0.5822
13	25321983	rs76197402	C	G	0.2038	-0.0041	0.859	0.0037	0.8404	0.2011	0.0137	0.6159	0.0172	0.4574
13	25322171	rs61948124	A	G	0.267	-0.0168	0.3367	-0.0168	0.3367	0.2677	-0.0214	0.3533	-0.0217	0.3206
13	25322270	13:25322270:AGC_A	D	R	0.2671	-0.0168	0.3356	-0.0168	0.3356	0.2677	-0.0213	0.3563	-0.0216	0.322
13	25322453	rs17081093	G	A	0.198	-0.0072	0.7535	6e-04	0.9745	0.1956	0.0131	0.6409	0.0176	0.4447
13	25322725	rs7335910	G	A	0.269	0.007	0.6679	0.007	0.6679	0.2687	0.0074	0.7148	0.0074	0.7148
13	25322869	rs59922598	T	G	0.1575	0.001	0.9618	0.001	0.9618	0.1603	0.0062	0.8148	0.0062	0.8148
13	25322897	13:25322897:T_TG	I	R	0.0591	0.0742	0.2201	0.0887	0.08835	0.0594	0.1045	0.2558	0.1165	0.06874
13	25322898	rs7981930	G	T	0.1974	-0.0068	0.7659	0.001	0.9572	0.1949	0.0128	0.6486	0.0175	0.4482
13	25323448	13:25323448:T_TC	I	R	0.064	0.0357	0.3018	0.0332	0.3033	0.0641	0.0236	0.5528	0.0236	0.5528
13	25323991	rs2006756	A	G	0.0913	0.0268	0.3263	0.0268	0.3263	0.0911	-0.0046	0.8918	-0.0046	0.8918
13	25324280	rs7329667	C	T	0.1981	-0.0069	0.7605	8e-04	0.9664	0.1955	0.0133	0.6364	0.0178	0.4373
13	25324303	rs6490977	G	T	0.3441	0.0129	0.4104	0.0129	0.4104	0.3446	0.0136	0.4817	0.0136	0.4817
13	25324895	rs7994316	C	T	0.3396	0.0124	0.4262	0.0124	0.4262	0.3401	0.0114	0.5537	0.0114	0.5537
13	25325451	13:25325451:TA_T	D	R	0.5244	-0.0187	0.2752	-0.0187	0.2752	0.5272	-0.0259	0.3738	-0.0272	0.1996
13	25325453	13:25325453:T_TA	I	R	0.0779	0.0584	0.1145	0.0524	0.1167	0.0782	0.0102	0.8047	0.0102	0.8047
13	25325622	rs4770731	T	C	0.2741	-0.0169	0.3233	-0.0169	0.3233	0.2749	-0.0209	0.398	-0.0216	0.3122
13	25325910	rs4770732	A	C	0.045	-0.0246	0.5052	-0.0245	0.5044	0.0445	0.0296	0.5176	0.0296	0.5176
13	25326021	13:25326021:GAC_G	D	R	0.0313	0.0281	0.6939	0.0184	0.7671	0.0319	0.0949	0.3333	0.075	0.3188
13	25326082	rs75755479	A	G	0.0621	0.0281	0.4251	0.0236	0.4483	0.0626	0.0211	0.5797	0.0211	0.5797
13	25326179	rs921048	C	G	0.4697	-0.0048	0.7505	-0.0048	0.7505	0.4744	-0.0123	0.515	-0.0123	0.515
13	25326827	rs74987295	T	C	0.0847	-0.0248	0.3616	-0.0248	0.3616	0.0878	-0.0087	0.791	-0.0087	0.791
13	25327138	rs12585211	A	C	0.1978	-0.0066	0.7692	0.0011	0.9514	0.1952	0.0141	0.6136	0.0188	0.4087
13	25327320	rs9553433	C	T	0.2715	0.008	0.6265	0.008	0.6265	0.2715	0.0066	0.7455	0.0066	0.7455
13	25327479	rs75569401	T	C	0.1518	-0.0011	0.9674	0.0099	0.6254	0.1499	0.0102	0.7266	0.0145	0.5681
13	25328305	13:25328305:T_TA	I	R	0.2769	-0.0191	0.279	-0.0191	0.279	0.2763	-0.0235	0.3208	-0.0234	0.2904
13	25328315	13:25328315:AT_A	D	R	0.0234	-0.0472	0.5561	-0.0498	0.443	0.0245	-0.0372	0.768	-0.0537	0.4892
13	25328316	rs115505908	A	T	0.0237	-0.1259	0.2196	-0.106	0.1097	0.0246	-0.1457	0.3334	-0.1175	0.1392
13	25328331	rs12859153	T	A	0.2495	0.0144	0.4057	0.0144	0.4057	0.2507	0.0164	0.443	0.0164	0.443
13	25328680	rs9511436	G	A	0.3382	0.0029	0.8543	0.0029	0.8543	0.342	0.0127	0.5622	0.0125	0.5262
13	25328856	rs9511437	T	C	0.3373	-0.0231	0.1542	-0.0231	0.1542	0.3361	-0.022	0.2755	-0.022	0.2755
13	25329202	rs9581168	C	T	0.0616	0.0194	0.5461	0.0174	0.5652	0.0617	0.015	0.6866	0.015	0.6866
13	25329220	rs76947777	A	C	0.0566	-0.0341	0.3451	-0.0327	0.3389	0.0553	0.0022	0.9591	0.0022	0.9591
13	25329738	rs80293082	G	T	0.0566	-0.0341	0.3441	-0.0327	0.3381	0.0553	0.002	0.9623	0.002	0.9623
13	25329874	rs7981487	C	T	0.253	0.0153	0.3725	0.0153	0.3725	0.2539	0.0174	0.4249	0.0176	0.4052
13	25330022	rs7992358	G	A	0.2531	0.0153	0.3715	0.0153	0.3715	0.2541	0.0175	0.4237	0.0176	0.4048
13	25330338	rs9578779	C	T	0.0616	0.0196	0.5326	0.0184	0.5437	0.0618	0.0164	0.6597	0.0164	0.6597
13	25330580	rs35629689	A	T	0.1113	0.0419	0.09652	0.0419	0.09652	0.1117	0.0221	0.4793	0.0221	0.4793
13	25331027	rs3803217	C	A	0.1582	2e-04	0.9933	0.0089	0.6547	0.1563	0.002	0.9456	0.0052	0.8328
13	25331033	rs17398410	C	T	0.0882	-0.0267	0.313	-0.0267	0.313	0.0912	-0.0053	0.8696	-0.0053	0.8696
13	25331332	rs17081110	G	A	0.1178	0.0398	0.1063	0.0398	0.1063	0.1181	0.0239	0.4346	0.0239	0.4346
13	25331663	rs9511438	C	T	0.2336	0.0051	0.7772	0.0051	0.7772	0.2341	0.005	0.8212	0.005	0.8212
13	25331702	rs9581169	G	T	0.3371	-0.0238	0.1407	-0.0238	0.1407	0.3357	-0.0228	0.2577	-0.0228	0.2577
13	25331739	rs140587027	A	G	0.0581	-0.0031	0.9436	0.0041	0.913	0.0578	-0.0178	0.7466	-0.02	0.6698
13	25332479	rs1838788	T	C	0.1582	6e-04	0.9801	0.0092	0.6446	0.1562	7e-04	0.9814	0.0033	0.8927
13	25332990	rs9551146	A	G	0.1682	-0.0197	0.3349	-0.0197	0.3349	0.168	-0.0257	0.3114	-0.0257	0.3114
13	25333186	rs143471233	T	C	0.1141	-0.027	0.2601	-0.027	0.2601	0.1174	0.0032	0.9122	0.0032	0.9122
13	25333210	rs9553434	G	C	0.5102	0.0106	0.5259	0.008	0.6028	0.5135	0.0245	0.372	0.0089	0.6387
13	25333705	rs9578780	T	A	0.1934	-0.0156	0.4105	-0.0156	0.4105	0.1925	-0.0224	0.3417	-0.0224	0.3417
13	25333857	rs9551147	T	G	0.1909	-0.0158	0.4037	-0.0158	0.4037	0.1901	-0.022	0.3482	-0.022	0.3482
13	25334028	rs149963508	T	C	0.0767	0.0026	0.9481	-0.0111	0.6966	0.0754	0.0118	0.7881	0.0101	0.7762
13	25334152	rs9551148	A	G	0.1906	-0.0118	0.533	-0.0118	0.533	0.1895	-0.0179	0.4475	-0.0179	0.4475
13	25334227	rs6490978	T	C	0.1786	0.0167	0.4077	0.0167	0.4077	0.1812	0.0059	0.8123	0.0058	0.8144
13	25334272	rs7331695	A	C	0.1413	0.014	0.59	0.0246	0.2457	0.1386	0.0111	0.677	0.0111	0.677
13	25334331	rs7331891	A	C	0.1409	0.0144	0.5762	0.0242	0.252	0.1382	0.0111	0.6759	0.0111	0.6759
13	25334638	rs9507404	T	G	0.1476	0.0166	0.4258	0.0166	0.4258	0.1504	6e-04	0.9799	6e-04	0.9799
13	25334909	rs9581171	T	C	0.1823	-0.0115	0.5467	-0.0115	0.5467	0.1819	-0.0167	0.4823	-0.0167	0.4823
13	25334914	rs76395281	C	G	0.0766	0.0019	0.9618	-0.0116	0.6817	0.0754	0.0106	0.8065	0.0092	0.7959
13	25335068	rs8000984	C	A	0.4178	-0.005	0.7381	-0.005	0.7381	0.4187	0.0075	0.6871	0.0075	0.6871
13	25335091	rs59215410	T	A	0.2377	-0.0258	0.1389	-0.0258	0.1389	0.2367	-0.0018	0.9328	-0.0018	0.9328
13	25336128	rs4770734	A	G	0.1584	-0.0281	0.1525	-0.0281	0.1525	0.1585	-0.007	0.7725	-0.007	0.7725
13	25336279	rs9578782	A	G	0.1839	-0.0114	0.5465	-0.0114	0.5465	0.1831	-0.0157	0.5038	-0.0157	0.5038
13	25336336	rs57828833	G	A	0.1404	0.0148	0.5606	0.0242	0.2509	0.1378	0.0108	0.6842	0.0108	0.6842
13	25337268	13:25337268:TACC_	D	R	0.1595	-0.0274	0.1633	-0.0274	0.1633	0.1596	-0.0056	0.8169	-0.0056	0.8169
13	25337300	rs9553435	A	C	0.2389	0.0272	0.1752	0.025	0.1417	0.2392	0.0455	0.1581	0.0324	0.1226
13	25337499	rs4770735	A	T	0.1584	-0.0279	0.1577	-0.0279	0.1577	0.1584	-0.007	0.7731	-0.007	0.7731
13	25338058	rs17081121	C	G	0.1745	0.0255	0.1942	0.0255	0.1942	0.1776	0.013	0.5918	0.013	0.5918
13	25338132	rs3809337	C	T	0.4157	-0.0046	0.7612	-0.0046	0.7612	0.4166	0.008	0.6669	0.008	0.6669
13	25339015	rs73162018	A	G	0.1858	-0.0126	0.499	-0.0126	0.499	0.1849	-0.0183	0.4294	-0.0183	0.4294
13	25339023	13:25339023:T_TGG	I	R	0.3267	0.0019	0.9058	0.0019	0.9058	0.3239	-0.0095	0.678	-0.0062	0.756
13	25339162	rs9553436	C	T	0.3961	0.0154	0.308	0.0154	0.308	0.3966	0.0068	0.718	0.0068	0.718
13	25339357	rs113503209	T	G	0.1863	-0.0135	0.4672	-0.0135	0.4672	0.1852	-0.0191	0.4105	-0.0191	0.4105
13	25339889	rs9318790	T	C	0.1886	-0.0156	0.3998	-0.0156	0.3998	0.1871	-0.0224	0.33	-0.0224	0.33
13	25339925	rs9318791	G	A	0.1858	-0.0125	0.5018	-0.0125	0.5018	0.1849	-0.0182	0.4325	-0.0182	0.4325
13	25340074	rs35826497	G	A	0.2351	-0.0244	0.1591	-0.0244	0.1591	0.2338	0	0.9993	0	0.9993
13	25340268	rs34574881	T	C	0.1413	0.0157	0.5247	0.0239	0.2543	0.1386	0.0128	0.6297	0.0128	0.6297
13	25340363	rs10454667	C	T	0.1859	-0.0127	0.494	-0.0127	0.494	0.1849	-0.0184	0.4268	-0.0184	0.4268
13	25340816	rs138682021	T	A	0.0159	0.0736	0.3501	0.0618	0.2976	NA	NA	NA	NA	NA
13	25341146	rs9511440	A	T	0.2553	0.0037	0.8352	0.0032	0.8495	0.2583	0.0042	0.8704	4e-04	0.9843
13	25341381	13:25341381:A_ATC	I	R	0.1337	-0.0249	0.3149	-0.0249	0.3149	0.1321	-0.0337	0.2724	-0.0337	0.2724
13	25342231	rs12428488	T	A	0.1392	0.0159	0.5183	0.0231	0.2732	0.1365	0.0115	0.6671	0.0115	0.6671
13	25343150	rs4770739	C	T	0.3262	-0.0046	0.8003	-8e-04	0.9603	0.3224	-0.0252	0.3604	-0.0123	0.5276
13	25343311	rs9553437	T	G	0.1907	-0.0203	0.2789	-0.0203	0.2789	0.19	-0.0296	0.2392	-0.0268	0.2485
13	25343894	rs9507405	A	G	0.2658	0.0065	0.6966	0.0065	0.6966	0.2684	0.0094	0.6991	0.0072	0.7277
13	25344227	rs9507406	G	A	0.1509	-0.0037	0.854	-0.0037	0.854	0.1546	-0.0047	0.8484	-0.0047	0.8484
13	25344731	rs7317969	C	A	0.1565	0.0154	0.4388	0.0154	0.4388	0.1598	-0.0019	0.9366	-0.0019	0.9366
13	25345490	rs9511444	A	G	0.2849	0.0139	0.4379	0.0138	0.3938	0.2877	0.0229	0.4254	0.0159	0.4246
13	25345693	rs17081134	T	C	0.1603	0.0192	0.384	0.0155	0.4309	0.1628	0.0142	0.6369	0.0043	0.8594
13	25345877	rs9888497	T	C	0.3869	-0.0123	0.407	-0.0123	0.407	0.3878	-0.0038	0.8352	-0.0038	0.8352
13	25345924	rs9507407	G	A	0.2869	0.0149	0.3699	0.0149	0.352	0.2896	0.0217	0.4171	0.0167	0.3974
13	25346097	rs9511445	A	G	0.2865	0.015	0.387	0.0148	0.3546	0.2891	0.0243	0.386	0.0173	0.3806
13	25346542	rs9581174	T	C	0.1866	-0.0202	0.2773	-0.0202	0.2773	0.1856	-0.0312	0.2255	-0.0272	0.239
13	25347151	rs117079957	T	C	0.012	0.0939	0.4485	0.0571	0.5104	NA	NA	NA	NA	NA
13	25347338	rs9511446	A	G	0.2644	0.0062	0.7114	0.0062	0.7114	0.267	0.0087	0.7191	0.0066	0.7472
13	25347891	rs9581176	C	G	0.1848	-0.0151	0.42	-0.0151	0.42	0.1843	-0.0214	0.3563	-0.0214	0.3563
13	25347908	rs75225511	G	A	0.0269	-0.0105	0.8463	-0.0105	0.8463	NA	NA	NA	NA	NA
13	25348145	rs9507408	T	C	0.2644	0.0062	0.7122	0.0062	0.7122	0.267	0.0086	0.7207	0.0066	0.7495
13	25348337	13:25348337:A_AT	I	R	0.2625	-3e-04	0.9874	-3e-04	0.9874	0.2646	0.007	0.7859	0.0046	0.8288
13	25349246	13:25349246:TA_T	D	R	0.185	-0.0148	0.4277	-0.0148	0.4277	0.1844	-0.0211	0.3632	-0.0211	0.3632
13	25349455	rs7490656	G	A	0.2867	0.0152	0.3771	0.015	0.3474	0.2892	0.0244	0.3827	0.0174	0.3764
13	25349710	rs2863937	T	C	0.1394	0.0197	0.3751	0.0225	0.2797	0.1369	0.0112	0.6712	0.0112	0.6712
13	25349782	rs4770740	C	A	0.4265	0.0233	0.1092	0.0233	0.1092	0.4266	0.0194	0.2836	0.0194	0.2836
