CHR	BP	SNP	VAR	REF	ALL.FREQ.VAR	ALL.RANDOM.BETA	ALL.RANDOM.PVAL	ALL.FIXED.BETA	ALL.FIXED.PVAL	FF.FREQ.VAR	FF.RANDOM.BETA	FF.RANDOM.PVAL	FF.FIXED.BETA	FF.FIXED.PVAL
X	115301852	rs12710567	C	T	0.0352	0.0313	0.5563	0.0136	0.7031	0.037	0.0482	0.4009	0.0241	0.5734
X	115302192	rs1403543	G	A	0.49	0.0585	0.001859	0.0633	7.4e-08	0.492	0.0711	9.658e-05	0.075	2.471e-07
X	115302335	rs3736556	T	A	0.2629	0.0362	0.1315	0.0425	0.002433	0.2667	0.0354	0.2351	0.0501	0.003769
X	115304824	rs5193	T	G	0.2402	-0.0359	0.05001	-0.0398	0.004098	0.2374	-0.0375	0.1117	-0.0421	0.0151
X	115304830	rs5194	A	G	0.4769	0.0619	0.0005504	0.0645	3.866e-08	0.4798	0.0665	0.0002463	0.0697	1.571e-06
X	115305126	rs11091046	A	C	0.4769	0.0617	0.0005707	0.0643	4.177e-08	0.4797	0.0663	0.0002511	0.0695	1.679e-06
X	115305728	rs12845035	C	G	0.256	0.0332	0.1354	0.0348	0.0107	0.2597	0.0249	0.3974	0.0369	0.02801
X	115306244	rs6608589	T	G	0.4769	0.0617	0.000463	0.0641	4.336e-08	0.4799	0.066	0.0001908	0.0687	2.14e-06
X	115306351	rs12840631	G	C	0.0391	0.0256	0.6152	0.0038	0.9035	0.0404	0.0465	0.3933	0.016	0.676
X	115306454	rs6608590	T	C	0.4769	0.0617	0.000451	0.0641	4.403e-08	0.4799	0.0659	0.0001821	0.0685	2.225e-06
X	115306865	rs146972712	T	C	0.0153	-0.0358	0.5387	-0.0358	0.5387	0.0162	-0.0743	0.2838	-0.0743	0.2838
X	115307431	rs5950587	T	C	0.2629	0.0312	0.1466	0.0331	0.01366	0.2661	0.0261	0.3512	0.0368	0.02589
X	115307749	rs1546754	C	T	0.4802	0.0627	0.0005494	0.0657	2.395e-08	0.4818	0.0687	0.0001616	0.0719	7.474e-07
X	115308356	X:115308356:CA_C	R	D	0.4823	0.0634	0.0002699	0.0652	3.127e-08	0.4843	0.0709	1.36e-05	0.0721	7.401e-07
X	115308357	X:115308357:AC_A	R	D	0.4823	0.0634	0.0002714	0.0652	3.173e-08	0.4844	0.0709	1.376e-05	0.072	7.492e-07
X	115308466	rs5991045	G	C	0.2197	0.0355	0.05323	0.038	0.008052	0.2226	0.0145	0.6452	0.0384	0.03006
X	115308728	rs12238901	C	A	0.4796	0.0632	0.0002778	0.0649	3.256e-08	0.4819	0.0702	2.146e-05	0.0716	7.911e-07
X	115309997	rs5950476	C	T	0.4796	0.0632	0.0002778	0.0649	3.225e-08	0.4819	0.0703	2.174e-05	0.0716	7.875e-07
X	115310571	rs148617730	T	C	0.0698	0.0067	0.8631	0.0139	0.592	0.0701	-0.0029	0.9535	0.0249	0.4368
X	115311011	rs2139086	G	A	0.4782	0.061	0.0006641	0.064	4.954e-08	0.4804	0.0664	0.0002074	0.0693	1.736e-06
X	115311259	rs1608338	G	C	0.0421	0.03	0.552	0.0041	0.8946	0.0426	0.0521	0.3274	0.0206	0.5848
X	115311990	rs5991103	T	C	0.2061	0.0593	0.002008	0.0603	3.537e-05	0.2056	0.0641	0.01336	0.0627	0.0005686
X	115312237	rs6608592	C	T	0.4769	0.0606	0.0008717	0.0641	4.705e-08	0.4796	0.0655	0.0003806	0.0691	1.931e-06
X	115312727	rs5950477	A	G	0.2072	0.0592	0.001736	0.0603	3.325e-05	0.2066	0.0638	0.01359	0.0624	0.0005713
X	115312758	rs57793240	A	G	0.4763	0.0594	0.001356	0.0634	6.582e-08	0.479	0.0641	0.0007726	0.0684	2.401e-06
X	115313394	rs12689061	C	T	0.478	0.0615	0.0006202	0.0643	4.183e-08	0.4804	0.0665	0.0002068	0.0694	1.7e-06
X	115313812	rs2090560	A	G	0.4783	0.0611	0.0006705	0.064	4.899e-08	0.4805	0.0665	0.0002116	0.0694	1.716e-06
X	115315175	rs77659341	T	G	0.0391	0.0261	0.6081	0.0044	0.89	0.0404	0.0476	0.3814	0.0172	0.6524
X	115315415	rs6608593	G	A	0.4772	0.0597	0.001438	0.064	6.051e-08	0.4798	0.0649	0.0007334	0.0695	1.972e-06
X	115315586	rs5991104	T	G	0.2074	0.0591	0.001649	0.0601	3.475e-05	0.2068	0.0638	0.01329	0.0623	0.0005815
X	115315884	rs5950589	T	C	0.4887	0.0654	0.0002131	0.0671	1.76e-08	0.491	0.0728	5.82e-06	0.0737	5.493e-07
X	115316083	rs11091049	G	T	0.2121	0.0559	0.002628	0.0575	5.765e-05	0.2116	0.0624	0.01392	0.0614	0.0005787
X	115316397	rs5991105	T	A	0.2124	0.0556	0.002721	0.0573	6.088e-05	0.2118	0.0622	0.01419	0.0613	0.0005927
X	115316470	rs6608595	A	G	0.4771	0.0628	0.0003347	0.0648	3.25e-08	0.4795	0.068	8.855e-05	0.0702	1.275e-06
X	115316817	rs5950591	T	G	0.4771	0.0628	0.000332	0.0648	3.231e-08	0.4795	0.068	8.753e-05	0.0702	1.269e-06
X	115316838	rs5950592	C	T	0.4771	0.0629	0.0003316	0.0648	3.229e-08	0.4795	0.068	8.62e-05	0.0702	1.265e-06
X	115316883	rs5950593	C	T	0.4796	0.0635	0.0003059	0.065	2.93e-08	0.4819	0.0702	1.943e-05	0.0715	8.079e-07
X	115317024	rs4353005	T	A	0.4771	0.0629	0.0003316	0.0648	3.225e-08	0.4795	0.0681	8.531e-05	0.0702	1.262e-06
X	115317413	rs189232560	A	C	0.0179	0.0267	0.7641	-0.012	0.8162	0.0182	0.0427	0.6424	-0.0029	0.9631
X	115317446	rs180920368	A	G	0.0152	-0.0348	0.5508	-0.0348	0.5508	0.0162	-0.0736	0.2886	-0.0736	0.2886
X	115318460	X:115318460:ATAAA	D	R	0.2665	-0.0793	4.837e-05	-0.0783	1.524e-05	0.2649	-0.0736	0.001024	-0.0736	0.001024
X	115318463	rs181749908	T	A	0.1666	-0.0746	0.0474	-0.0763	0.0009861	0.1661	-0.0462	0.2987	-0.0605	0.03459
X	115318799	rs12394456	T	C	0.2116	0.0558	0.002553	0.0573	6.454e-05	0.211	0.0628	0.01282	0.0613	0.0006061
X	115319653	rs10481823	T	C	0.2122	0.0557	0.002614	0.0573	6.114e-05	0.2117	0.0633	0.01206	0.0621	0.0005032
X	115320170	rs6608599	C	T	0.4765	0.0597	0.001162	0.0634	6.422e-08	0.4793	0.0648	0.0005486	0.0686	2.181e-06
X	115320362	rs73224898	C	A	0.2123	0.0559	0.002465	0.0575	5.877e-05	0.2118	0.0636	0.01136	0.0624	0.0004767
X	115320589	rs5905279	A	G	0.4782	0.0615	0.0006407	0.0642	4.35e-08	0.4804	0.0669	0.0001465	0.0694	1.609e-06
X	115322241	rs5952110	G	C	0.2576	0.0308	0.1494	0.0334	0.01428	0.2616	0.0242	0.396	0.0358	0.03306
X	115322961	rs34935037	T	C	0.0386	0.0267	0.5939	0.0069	0.8263	0.0401	0.0475	0.3817	0.0172	0.6512
X	115323586	rs11091051	A	G	0.221	0.0355	0.04979	0.0377	0.008338	0.2237	0.0146	0.6389	0.0378	0.03226
X	115324368	rs5952209	G	A	0.48	0.0638	0.0002749	0.0652	2.718e-08	0.4823	0.0708	1.204e-05	0.0718	7.003e-07
X	115324675	rs5905371	T	G	0.2122	0.0563	0.002076	0.0577	5.447e-05	0.2117	0.0642	0.009952	0.0628	0.000431
X	115325044	rs5905219	C	G	0.4794	0.0649	0.0001397	0.0655	2.175e-08	0.4818	0.0716	7.203e-06	0.0724	5.634e-07
X	115325230	rs5905220	A	G	0.4797	0.064	0.0002514	0.0652	2.604e-08	0.4821	0.0709	1.06e-05	0.0719	6.658e-07
X	115325605	rs5905221	G	C	0.4766	0.0614	0.0007917	0.0641	4.434e-08	0.4792	0.0662	0.0002683	0.069	1.881e-06
X	115327126	rs12858227	C	T	0.4787	0.0625	0.0004552	0.0649	3.001e-08	0.4812	0.0686	6.867e-05	0.0707	1.007e-06
X	115327340	rs5952238	G	A	0.4622	0.0638	0.0002489	0.0653	6.166e-08	0.4646	0.0716	1.722e-06	0.0717	1.439e-06
X	115327387	rs5952239	C	T	0.474	0.0633	0.0002284	0.0651	3.311e-08	0.4756	0.0704	7.752e-06	0.0712	9.938e-07
X	115327482	rs28567899	T	C	0.2213	0.0352	0.05257	0.0375	0.008685	0.2241	0.0147	0.6361	0.0378	0.03211
X	115327746	rs11796270	G	C	0.2213	0.0345	0.06003	0.0372	0.00923	0.2242	0.0147	0.6355	0.0379	0.03159
X	115327833	rs73224900	C	T	0.2127	0.059	0.00052	0.0598	2.891e-05	0.2127	0.0666	0.005061	0.0649	0.000274
X	115327942	rs11797419	C	T	0.2225	0.0348	0.05822	0.0373	0.00909	0.2254	0.0151	0.6273	0.0382	0.03047
X	115328136	rs5952240	C	T	0.2251	0.0346	0.06764	0.0368	0.009743	0.228	0.019	0.539	0.0389	0.02673
X	115328153	rs143814442	T	G	0.027	0.0817	0.3998	0.1316	0.009959	0.0274	0.0455	0.7034	0.1021	0.09461
X	115328333	rs5905226	T	C	0.465	0.0681	0.0001232	0.0673	2.344e-08	0.4676	0.0749	6.632e-07	0.0749	4.857e-07
X	115328334	rs5905227	G	A	0.4728	0.0662	0.0002895	0.0668	2.087e-08	0.4754	0.0724	1.04e-05	0.0735	5.908e-07
X	115328874	rs4332258	C	T	0.4884	0.0665	0.0001565	0.0673	9.063e-09	0.4934	0.07	9.302e-05	0.0718	6.827e-07
X	115329253	rs4421478	T	C	0.4906	0.0676	0.0001652	0.0678	6.674e-09	0.4949	0.0719	2.5e-05	0.0731	4.219e-07
X	115329479	rs5952129	G	A	0.4916	0.0665	0.0002564	0.0671	9.386e-09	0.4958	0.0709	3.072e-05	0.0722	5.788e-07
X	115329676	rs5952131	T	C	0.4916	0.0665	0.0002552	0.0671	9.309e-09	0.4957	0.0709	2.982e-05	0.0722	5.708e-07
X	115329779	rs5952079	T	C	0.4899	0.0674	0.0001736	0.0677	7.006e-09	0.4943	0.072	2.388e-05	0.0732	4.066e-07
X	115330142	rs5952132	A	T	0.4928	0.0695	0.0001308	0.0697	2.745e-09	0.4966	0.0744	1.838e-05	0.0758	1.656e-07
X	115331286	rs5905246	C	T	0.4907	0.0678	0.0001491	0.068	5.549e-09	0.4947	0.0724	1.734e-05	0.0736	3.368e-07
X	115331772	rs5952137	G	A	0.4919	0.0659	0.000327	0.0668	1.066e-08	0.4958	0.0706	3.787e-05	0.0722	5.627e-07
X	115332074	rs4824350	A	G	0.2178	0.0614	1.517e-05	0.0614	1.517e-05	0.2163	0.0733	0.0003994	0.0711	6.263e-05
X	115332270	rs4824351	A	T	0.2127	0.0606	0.0001724	0.0612	1.867e-05	0.2124	0.0688	0.002487	0.0672	0.000165
X	115332627	X:115332627:TAAC_	D	R	0.2724	0.0334	0.1192	0.0341	0.01011	0.2779	0.0237	0.4171	0.0347	0.03361
X	115333628	rs5905161	A	G	0.4921	0.0668	0.000236	0.0675	7.553e-09	0.496	0.0714	2.294e-05	0.0727	4.674e-07
X	115334167	rs7882396	G	A	0.4921	0.0668	0.0002361	0.0675	7.555e-09	0.496	0.0714	2.304e-05	0.0727	4.679e-07
X	115334329	rs144931386	G	A	0.0224	0.0746	0.4978	0.1218	0.03515	0.0228	0.0255	0.8526	0.0926	0.1753
X	115335095	rs73226806	C	T	0.2058	0.0618	0.0002239	0.0624	1.832e-05	0.2056	0.07	0.003519	0.0682	0.0001737
X	115337532	rs5905171	A	G	0.4445	0.066	2.193e-05	0.069	4.738e-09	0.4478	0.062	0.002246	0.0707	1.206e-06
X	115337791	rs5905280	C	T	0.4882	0.0679	0.0002349	0.0691	3.257e-09	0.4914	0.0729	3.164e-05	0.0748	2.167e-07
X	115338131	X:115338131:A_AAC	I	R	0.1415	0.1005	2.171e-05	0.1005	2.171e-05	0.1407	0.1206	5.111e-05	0.1206	5.111e-05
X	115338325	rs5952157	G	C	0.489	0.0683	0.0002127	0.0693	2.878e-09	0.4922	0.0731	2.917e-05	0.0748	2.099e-07
X	115338908	rs112465452	G	A	0.0386	0.0294	0.5547	0.0056	0.8572	0.0396	0.0469	0.3871	0.0163	0.6671
X	115339206	rs5952161	C	T	0.4889	0.0682	0.0002166	0.0693	2.934e-09	0.492	0.073	3.03e-05	0.0748	2.147e-07
X	115339323	X:115339323:T_TTG	I	R	0.4882	0.0678	0.0002667	0.0692	3.309e-09	0.4915	0.0727	4.139e-05	0.0746	2.381e-07
X	115339755	rs4529578	G	A	0.4888	0.0683	0.000216	0.0693	2.895e-09	0.492	0.0731	3.165e-05	0.0748	2.117e-07
X	115340298	rs5905282	T	C	0.4485	0.0696	4.443e-07	0.0703	2.33e-09	0.4507	0.0717	2.199e-05	0.0746	3.005e-07
X	115341169	rs5905174	G	A	0.4882	0.068	0.0002364	0.0691	3.177e-09	0.4913	0.073	3.42e-05	0.0748	2.122e-07
X	115341178	rs5905175	G	A	0.4882	0.068	0.0002364	0.0691	3.176e-09	0.4913	0.073	3.418e-05	0.0748	2.121e-07
X	115341974	rs5952096	A	G	0.4445	0.066	2.263e-05	0.069	4.679e-09	0.4478	0.0619	0.002351	0.0707	1.203e-06
X	115341989	rs5952170	G	A	0.4494	0.0687	8.29e-07	0.0696	3.333e-09	0.4517	0.0706	2.821e-05	0.0736	4.251e-07
X	115342410	rs35676918	A	G	0.0387	0.0296	0.5522	0.0054	0.8623	0.0397	0.0476	0.3803	0.0164	0.6637
X	115342921	rs4468049	G	C	0.4861	0.0692	0.0001245	0.0701	2.164e-09	0.4893	0.0746	2.114e-05	0.0762	1.394e-07
X	115343877	rs7061667	C	A	0.4881	0.068	0.0002395	0.0691	3.195e-09	0.4912	0.073	3.549e-05	0.0748	2.119e-07
X	115344866	rs5905286	C	T	0.4879	0.0671	0.0003239	0.0686	4.261e-09	0.4911	0.0722	5.513e-05	0.0745	2.44e-07
X	115345242	rs150688554	A	G	0.041	-0.1074	0.01755	-0.1074	0.01755	0.0405	-0.1393	0.01491	-0.1393	0.01491
X	115345671	rs7052050	C	G	0.489	0.0675	0.0003029	0.0689	3.672e-09	0.4921	0.0724	5.267e-05	0.0745	2.395e-07
X	115345847	rs5952176	A	G	0.4483	0.0687	1.198e-06	0.0697	3.137e-09	0.4506	0.0706	4.638e-05	0.0742	3.454e-07
X	115346111	rs139149217	C	G	0.0263	-0.0737	0.2447	-0.0743	0.09263	0.0262	-0.1082	0.04843	-0.1082	0.04843
X	115347610	rs5905293	T	A	0.4482	0.0687	1.214e-06	0.0697	3.193e-09	0.4506	0.0705	4.875e-05	0.0741	3.576e-07
X	115348275	rs7879546	C	T	0.4802	0.0712	0.0001347	0.0726	1.111e-09	0.4825	0.0762	2.343e-05	0.0788	8.311e-08
X	115348290	rs12556757	A	G	0.4448	0.0712	6.519e-07	0.0724	1.427e-09	0.4471	0.0725	5.719e-05	0.0771	1.853e-07
X	115348321	rs12559259	G	A	0.4422	0.0708	1.946e-06	0.0723	1.204e-09	0.4442	0.071	0.0001691	0.0771	1.619e-07
X	115348414	rs12559834	C	T	0.4809	0.0698	0.0001757	0.0711	1.657e-09	0.4839	0.0743	7.73e-05	0.0772	1.143e-07
X	115348603	rs7052638	C	A	0.4422	0.0702	1.368e-06	0.0715	1.835e-09	0.4442	0.0708	0.0001119	0.076	2.362e-07
X	115348828	rs5905295	T	C	0.4479	0.0686	1.262e-06	0.0696	3.429e-09	0.4502	0.0701	5.628e-05	0.0739	3.978e-07
X	115348935	rs141702105	A	G	0.0155	-0.0343	0.5666	-0.0333	0.568	0.0165	-0.0792	0.2534	-0.0792	0.2534
X	115348944	rs5905296	C	T	0.4865	0.0684	0.0002104	0.0694	2.955e-09	0.4899	0.0732	4.917e-05	0.0753	1.876e-07
X	115349098	rs5905182	T	C	0.4479	0.0686	1.259e-06	0.0695	3.427e-09	0.4502	0.0701	5.684e-05	0.0738	4e-07
X	115350298	rs12836281	G	A	0.039	0.0315	0.5314	0.0055	0.8589	0.0401	0.0508	0.3587	0.0158	0.6739
X	115350646	rs5905187	A	G	0.4481	0.0687	1.187e-06	0.0697	3.277e-09	0.4505	0.0702	5.42e-05	0.074	3.896e-07
X	115350996	X:115350996:AATTT	D	R	0.1045	-0.0731	0.001574	-0.0731	0.001574	0.1057	-0.0685	0.01609	-0.0685	0.01609
X	115351096	X:115351096:TA_T	D	R	0.2118	0.0595	0.0005507	0.0607	2.182e-05	0.2114	0.0687	0.003939	0.0672	0.0001631
X	115351238	rs73226809	G	A	0.2118	0.0595	0.000551	0.0607	2.183e-05	0.2114	0.0687	0.003945	0.0672	0.0001633
X	115351340	rs4430200	G	A	0.4868	0.0686	0.0002033	0.0696	2.717e-09	0.4902	0.0733	4.682e-05	0.0754	1.829e-07
X	115351891	rs4434739	G	A	0.4868	0.0686	0.0002026	0.0696	2.716e-09	0.4902	0.0733	4.718e-05	0.0754	1.84e-07
X	115351902	rs4824367	A	C	0.4481	0.0686	1.201e-06	0.0696	3.323e-09	0.4505	0.0701	5.587e-05	0.0739	3.995e-07
X	115352836	rs5952109	G	A	0.2315	0.0363	0.06008	0.0391	0.005169	0.2354	0.0138	0.6605	0.0367	0.03337
X	115353303	rs5905340	C	T	0.486	0.0695	0.0001186	0.0704	2.02e-09	0.4893	0.0745	2.231e-05	0.0762	1.475e-07
X	115353561	rs5905344	G	A	0.4482	0.0686	1.202e-06	0.0696	3.444e-09	0.4505	0.07	5.739e-05	0.0738	4.106e-07
X	115353580	rs5905345	T	C	0.4482	0.0686	1.203e-06	0.0696	3.447e-09	0.4505	0.07	5.754e-05	0.0738	4.114e-07
X	115353791	rs7060450	C	A	0.4482	0.0686	1.203e-06	0.0696	3.455e-09	0.4505	0.07	5.783e-05	0.0738	4.13e-07
X	115353868	rs5905212	A	T	0.4515	0.0685	1.024e-06	0.0694	4.309e-09	0.4535	0.0693	6.419e-05	0.0727	6.54e-07
X	115355408	rs5952196	A	C	0.4476	0.0692	3.172e-07	0.07	2.683e-09	0.4505	0.0689	0.0001004	0.0731	5.128e-07
X	115355456	rs5952197	C	G	0.4453	0.0657	4.29e-05	0.0689	4.686e-09	0.4481	0.0626	0.001876	0.0712	1.022e-06
X	115355547	rs5952198	C	T	0.4453	0.0657	4.266e-05	0.0689	4.67e-09	0.4481	0.0626	0.001872	0.0712	1.021e-06
X	115355651	rs5952199	C	A	0.4498	0.0691	6.505e-07	0.07	2.727e-09	0.452	0.0704	3.169e-05	0.0734	4.571e-07
X	115355705	rs11796365	G	T	0.4498	0.0691	6.5e-07	0.07	2.727e-09	0.4519	0.0704	3.171e-05	0.0734	4.572e-07
X	115356056	rs4325026	T	A	0.2314	0.0365	0.05814	0.0394	0.004869	0.2354	0.0139	0.6587	0.0369	0.03227
X	115356407	rs5905350	C	T	0.4887	0.069	0.0001917	0.0704	1.861e-09	0.4919	0.0735	3.324e-05	0.0755	1.787e-07
X	115356556	rs5952113	C	A	0.2347	0.0359	0.05456	0.0385	0.005734	0.2376	0.0142	0.6417	0.0359	0.0367
X	115356645	rs5905351	T	G	0.2147	0.0619	1.374e-05	0.0619	1.374e-05	0.214	0.073	0.0002971	0.0712	6.195e-05
X	115356778	rs5952200	C	T	0.2348	0.036	0.05336	0.0386	0.005501	0.2376	0.0141	0.6422	0.0359	0.03661
X	115356832	rs73226811	A	C	0.2031	0.0606	0.000878	0.0622	2.654e-05	0.2025	0.0701	0.005678	0.0689	0.0001926
X	115356833	rs73226812	T	G	0.2031	0.0606	0.000876	0.0622	2.654e-05	0.2024	0.07	0.005682	0.0689	0.0001928
X	115356972	rs5952114	A	G	0.2348	0.036	0.05333	0.0387	0.005451	0.2376	0.0141	0.6423	0.0359	0.03638
X	115357218	rs5905352	G	A	0.2155	0.0614	1.561e-05	0.0614	1.561e-05	0.2148	0.0709	0.0001768	0.0701	7.734e-05
X	115357445	rs5905353	A	G	0.4497	0.069	7.291e-07	0.07	2.683e-09	0.4519	0.07	3.779e-05	0.0732	4.717e-07
X	115357481	rs4824370	A	G	0.4497	0.069	7.293e-07	0.07	2.667e-09	0.4519	0.07	3.829e-05	0.0732	4.705e-07
X	115357862	rs4824371	A	G	0.4496	0.0689	7.767e-07	0.0699	2.695e-09	0.4517	0.07	3.977e-05	0.0732	4.778e-07
X	115357973	rs4824372	A	T	0.4497	0.0691	7.04e-07	0.07	2.562e-09	0.4519	0.07	3.856e-05	0.0732	4.724e-07
X	115358111	rs5905355	G	A	0.4496	0.0691	6.844e-07	0.0701	2.476e-09	0.4519	0.07	3.857e-05	0.0732	4.723e-07
X	115358321	rs5952201	G	T	0.2341	0.0368	0.04728	0.0393	0.004804	0.2373	0.0151	0.6189	0.0367	0.0326
X	115358425	rs12835631	G	A	0.0389	0.032	0.5154	0.0096	0.7583	0.04	0.0514	0.3394	0.0218	0.5633
X	115358512	rs5905356	T	A	0.2117	0.0594	0.000474	0.0605	2.223e-05	0.2113	0.0682	0.003891	0.0666	0.0001792
X	115358973	rs12116381	C	G	0.2343	0.0369	0.04618	0.0394	0.004692	0.2373	0.0152	0.6147	0.0368	0.03221
X	115359411	rs10854906	A	C	0.4495	0.0697	3.629e-07	0.0705	2.084e-09	0.4517	0.071	2.274e-05	0.0738	3.887e-07
X	115359753	rs5905214	T	C	0.4499	0.0693	6.395e-07	0.0703	2.316e-09	0.4522	0.0702	3.545e-05	0.0734	4.46e-07
X	115360475	rs4824328	C	A	0.448	0.0684	7.723e-07	0.0694	3.835e-09	0.4505	0.0703	3.053e-05	0.0734	4.789e-07
X	115360484	rs4824373	A	G	0.448	0.0684	7.714e-07	0.0694	3.833e-09	0.4505	0.0703	3.049e-05	0.0734	4.786e-07
X	115360523	rs4824374	A	T	0.2133	0.0603	2.446e-05	0.0603	2.446e-05	0.2128	0.0711	0.0002163	0.0702	8.279e-05
X	115360600	rs4824375	C	G	0.448	0.0684	7.699e-07	0.0694	3.834e-09	0.4505	0.0703	3.059e-05	0.0734	4.791e-07
X	115360619	rs5952202	G	A	0.2316	0.0369	0.05358	0.0397	0.004492	0.2356	0.0141	0.651	0.037	0.0314
X	115360767	rs4824376	T	C	0.2094	0.0586	0.0003587	0.0596	3.317e-05	0.2093	0.0684	0.004096	0.0668	0.0001878
X	115360775	rs4824329	G	A	0.2133	0.0603	2.442e-05	0.0603	2.442e-05	0.2128	0.0711	0.0002156	0.0702	8.243e-05
X	115361042	rs4824330	G	A	0.4478	0.0683	8.306e-07	0.0693	4.115e-09	0.4503	0.0701	3.357e-05	0.0732	5.058e-07
X	115361470	rs17095260	A	G	0.2343	0.0369	0.0462	0.0393	0.004783	0.2374	0.0151	0.6179	0.0366	0.03292
X	115361495	rs12009976	A	G	0.4889	0.0691	0.0001809	0.0706	1.652e-09	0.4922	0.0737	3.069e-05	0.0757	1.618e-07
X	115361711	rs60405377	T	A	0.2344	0.0368	0.04595	0.0392	0.004888	0.2374	0.0151	0.6178	0.0365	0.03333
X	115361808	rs4446858	C	T	0.4886	0.0691	0.0001776	0.0705	1.686e-09	0.4918	0.0737	3.009e-05	0.0757	1.6e-07
X	115362010	rs5952115	C	T	0.2344	0.0367	0.04646	0.0391	0.004966	0.2375	0.015	0.6178	0.0365	0.03336
X	115362075	rs5952116	T	C	0.2344	0.0367	0.04673	0.0391	0.005	0.2375	0.015	0.6178	0.0365	0.03335
X	115362195	rs5905357	C	T	0.212	0.0593	0.0004573	0.0604	2.293e-05	0.2115	0.0685	0.003673	0.0669	0.0001708
X	115362234	rs5905215	A	G	0.2115	0.0594	0.0004394	0.0605	2.192e-05	0.211	0.0686	0.003572	0.067	0.0001651
X	115362312	rs5952203	T	A	0.2343	0.0366	0.04729	0.039	0.005104	0.2374	0.015	0.6179	0.0365	0.03344
X	115362509	rs150223216	G	A	0.0285	-0.062	0.2891	-0.0625	0.1341	0.0283	-0.089	0.084	-0.089	0.084
X	115362724	rs5905359	A	C	0.2151	0.0615	1.495e-05	0.0615	1.495e-05	0.2142	0.0713	0.0001794	0.0704	7.208e-05
X	115362729	X:115362729:GT_G	D	R	0.2341	0.0367	0.04739	0.039	0.00509	0.2373	0.015	0.6181	0.0365	0.03336
X	115362730	rs78478509	G	T	0.2343	0.0365	0.04785	0.0389	0.005214	0.2374	0.015	0.6178	0.0365	0.03353
X	115362732	rs4579644	A	G	0.2304	0.0384	0.0326	0.0398	0.004798	0.2333	0.0181	0.5358	0.0374	0.03153
X	115362732	X:115362732:G_GA	I	R	0.2342	0.0365	0.04815	0.0389	0.005237	0.2374	0.015	0.6176	0.0365	0.03345
X	115362748	rs147468065	A	G	0.0165	-0.0202	0.7755	-0.0403	0.4942	NA	NA	NA	NA	NA
X	115362823	rs5905360	G	T	0.2146	0.0618	1.37e-05	0.0618	1.37e-05	0.2137	0.0718	0.0001826	0.0708	6.552e-05
X	115362849	rs4427295	A	C	0.4491	0.0691	7.539e-07	0.0701	2.564e-09	0.4515	0.0703	3.683e-05	0.0736	4.22e-07
X	115362929	rs4623576	T	C	0.2341	0.0364	0.04888	0.0388	0.005336	0.2374	0.015	0.6177	0.0365	0.03344
X	115363143	rs5952204	G	T	0.2341	0.0364	0.04934	0.0387	0.005432	0.2374	0.015	0.6177	0.0364	0.03355
X	115363601	rs5952205	C	T	0.2259	0.0371	0.05083	0.0401	0.005361	0.229	0.0157	0.6148	0.038	0.032
X	115363988	rs5952206	T	G	0.4454	0.0654	5.775e-05	0.0689	4.325e-09	0.4483	0.0621	0.002182	0.0709	1.07e-06
X	115364226	rs5952117	T	C	0.2339	0.0361	0.05107	0.0385	0.005719	0.2372	0.0148	0.6226	0.0362	0.03462
X	115364401	X:115364401:TTTC_	D	R	0.2294	0.0358	0.06005	0.0384	0.006796	0.2322	0.0143	0.6478	0.0368	0.03553
X	115364406	X:115364406:TC_T	D	R	0.2112	0.0353	0.06451	0.0372	0.01393	0.2142	0.0176	0.5731	0.0378	0.04294
X	115364407	rs59737353	G	C	0.2229	0.0391	0.03434	0.041	0.004843	0.2255	0.0191	0.5282	0.0392	0.0291
X	115364408	X:115364408:TTG_T	D	R	0.2328	0.0355	0.05955	0.038	0.006587	0.2359	0.0143	0.6401	0.0363	0.03514
X	115364435	rs60906342	A	T	0.2309	0.0359	0.06126	0.0386	0.005705	0.2351	0.0136	0.6631	0.0363	0.03487
X	115364520	rs12116270	C	T	0.2338	0.0361	0.05067	0.0384	0.005857	0.2372	0.0148	0.6234	0.0361	0.03549
X	115364532	rs11091057	G	C	0.2339	0.0361	0.05056	0.0383	0.005893	0.2373	0.0148	0.6212	0.0361	0.0353
X	115364582	rs12116271	C	T	0.2339	0.0361	0.05006	0.0384	0.005812	0.2372	0.0148	0.6227	0.0361	0.03557
X	115364630	rs4542062	T	C	0.2338	0.0361	0.05053	0.0383	0.005907	0.2372	0.0147	0.624	0.036	0.03585
X	115364781	rs4462024	C	T	0.2312	0.0359	0.05836	0.0385	0.005805	0.2355	0.0136	0.6611	0.036	0.03613
X	115364964	rs4521884	T	G	0.2338	0.0362	0.04933	0.0384	0.005817	0.2371	0.015	0.6165	0.0362	0.03505
X	115365349	rs7049745	A	T	0.2312	0.0359	0.05788	0.0384	0.005937	0.2354	0.0135	0.662	0.0359	0.03704
X	115365487	rs6520193	C	T	0.4879	0.0695	0.0001469	0.0708	1.5e-09	0.4915	0.0744	2.165e-05	0.0763	1.336e-07
X	115365599	rs7060221	T	C	0.2354	0.0378	0.04513	0.0391	0.004887	0.2391	0.021	0.4866	0.0384	0.02489
X	115365768	rs12389354	A	G	0.211	0.0606	0.0003463	0.0618	1.45e-05	0.2106	0.0699	0.003082	0.0684	0.0001182
X	115365824	rs60802330	C	T	0.2309	0.036	0.05645	0.0386	0.005801	0.2352	0.0135	0.6623	0.0358	0.03762
X	115365856	X:115365856:TC_T	D	R	0.0975	-0.0736	0.008745	-0.0735	0.008311	0.0985	-0.1028	0.003263	-0.1025	0.002798
X	115366232	rs5905362	T	A	0.2131	0.0601	0.000522	0.0614	1.542e-05	0.2119	0.0705	0.002769	0.0687	0.000108
X	115366846	rs144460528	T	G	0.0492	0.0215	0.5685	0.0268	0.4086	0.0508	0.0306	0.5429	0.0452	0.2541
X	115367128	X:115367128:G_GC	I	R	0.2159	0.0615	1.877e-05	0.0616	1.549e-05	0.2143	0.0725	0.0004822	0.0708	6.925e-05
X	115367132	X:115367132:C_CT	I	R	0.2161	0.0617	1.501e-05	0.0617	1.501e-05	0.2145	0.0727	0.0004057	0.071	6.562e-05
X	115367342	rs5905363	T	C	0.2098	0.0607	0.0004187	0.0619	1.593e-05	0.2092	0.0703	0.003474	0.0688	0.0001228
X	115368380	rs12353899	T	C	0.213	0.0604	0.0005193	0.0616	1.449e-05	0.2117	0.0706	0.002773	0.0688	0.0001058
X	115368382	rs11091058	T	C	0.2287	0.0348	0.05315	0.0362	0.0101	0.2327	0.0142	0.6349	0.0339	0.0504
X	115368571	rs188786077	C	G	0.0625	-0.0534	0.06419	-0.0513	0.04823	0.064	-0.0475	0.1725	-0.0469	0.1404
X	115368585	rs5952207	C	T	0.4858	0.068	0.0002671	0.0696	3.038e-09	0.4889	0.0728	5.289e-05	0.0752	2.214e-07
X	115368645	rs12353568	T	C	0.2162	0.0605	0.0002937	0.0614	1.758e-05	0.2154	0.0676	0.003148	0.0664	0.0001944
X	115368739	rs5952208	A	T	0.2137	0.0603	0.000685	0.0617	1.385e-05	0.2124	0.07	0.003268	0.0683	0.000118
X	115369086	X:115369086:AT_A	D	R	0.2157	0.0624	0.0004844	0.0642	6.366e-06	0.2144	0.0708	0.002778	0.0698	8.377e-05
X	115369438	rs4131867	T	C	0.2325	0.0359	0.04754	0.0378	0.006588	0.2363	0.0141	0.6399	0.0339	0.04773
X	115369658	rs4131866	A	G	0.2099	0.0601	0.0003262	0.0613	1.776e-05	0.2096	0.0705	0.003273	0.069	0.0001043
X	115370078	rs11798303	A	G	0.2315	0.0359	0.04874	0.0377	0.00684	0.2354	0.0146	0.6276	0.0345	0.04473
X	115370389	rs4375129	G	C	0.1554	0.0112	0.6732	0.0167	0.317	0.1602	-0.0072	0.8623	0.0192	0.3491
X	115370540	rs7887064	C	T	0.2145	-7e-04	0.9614	-5e-04	0.9745	0.2203	-0.0121	0.6516	0.0031	0.8657
X	115370611	rs139682208	G	C	0.0386	0.0476	0.4209	0.0144	0.6559	0.0402	0.0837	0.1995	0.0288	0.4584
X	115370907	rs149920770	G	A	0.026	0.102	0.286	0.1468	0.004997	0.0265	0.0681	0.557	0.1116	0.0731
X	115371093	rs6520194	T	C	0.2519	8e-04	0.9705	9e-04	0.951	0.2596	-7e-04	0.9797	0.0087	0.6105
X	115371278	rs5905216	A	G	0.5175	0.0584	3.777e-05	0.0594	4.145e-07	0.5247	0.071	1.156e-06	0.071	1.156e-06
X	115371872	rs4824377	A	C	0.2639	0.0791	3.444e-09	0.0791	3.444e-09	0.2663	0.0926	6.063e-05	0.0893	7.892e-08
X	115372129	rs4824378	C	T	0.5683	0.055	0.0001069	0.055	4.731e-06	0.5732	0.07	2.769e-06	0.07	2.769e-06
X	115372362	rs12837636	T	G	0.3002	-0.0067	0.71	-0.0104	0.4301	0.3035	-0.0033	0.8963	-0.0025	0.8787
X	115373031	rs5905364	T	C	0.2642	0.0789	3.552e-09	0.0789	3.552e-09	0.2667	0.0926	5.546e-05	0.0892	7.845e-08
X	115373273	rs5905365	T	C	0.2643	0.0789	3.57e-09	0.0789	3.57e-09	0.2667	0.0926	5.447e-05	0.0892	7.835e-08
X	115374359	rs5905366	G	A	0.2685	0.0779	4.427e-09	0.0779	4.427e-09	0.27	0.0919	4.556e-05	0.089	7.012e-08
X	115374900	rs5905367	T	G	0.2687	0.0779	4.296e-09	0.0779	4.296e-09	0.2702	0.091	5.49e-05	0.0875	1.145e-07
X	115374948	rs5905217	T	C	0.2699	0.078	3.734e-09	0.078	3.734e-09	0.2713	0.0909	4.15e-05	0.0879	9.131e-08
X	115375065	rs5905218	G	C	0.5685	0.0565	9.91e-05	0.0564	2.633e-06	0.5734	0.0702	2.635e-06	0.0702	2.635e-06
X	115375102	rs5905368	A	G	0.2674	0.0779	4.542e-09	0.0779	4.542e-09	0.2694	0.0901	5.158e-05	0.0875	1.141e-07
X	115375229	X:115375229:C_CGG	I	R	0.2687	0.0788	3.098e-09	0.0788	3.098e-09	0.2699	0.0917	3.331e-05	0.089	7.389e-08
X	115375353	rs4824331	T	C	0.2689	0.0778	4.444e-09	0.0778	4.444e-09	0.2704	0.0908	4.968e-05	0.0874	1.154e-07
X	115375872	rs146092378	T	C	0.0218	0.1033	0.3548	0.1448	0.01578	0.022	0.0551	0.6838	0.1047	0.1405
X	115376501	rs4824332	G	C	0.2661	0.0786	3.487e-09	0.0786	3.487e-09	0.2684	0.0912	3.709e-05	0.0879	1.042e-07
X	115376558	rs4824333	G	C	0.2707	0.0777	4.009e-09	0.0777	4.009e-09	0.272	0.0905	3.25e-05	0.0876	9.423e-08
X	115376794	rs12688311	C	T	0.5691	0.056	9.953e-05	0.0558	3.323e-06	0.5741	0.0693	3.528e-06	0.0693	3.528e-06
X	115376901	rs12686957	G	C	0.576	0.0563	8.453e-05	0.0562	3.871e-06	0.5808	0.0703	3.479e-06	0.0703	3.479e-06
X	115377186	rs5952210	A	G	0.2679	0.0775	5.496e-09	0.0775	5.496e-09	0.2691	0.0907	5.71e-05	0.0873	1.32e-07
X	115377713	rs5905370	A	C	0.2709	0.0775	4.102e-09	0.0775	4.102e-09	0.2721	0.0904	3.039e-05	0.0875	9.48e-08
X	115378136	rs5905372	A	G	0.2712	0.0773	4.288e-09	0.0773	4.288e-09	0.2724	0.0901	2.785e-05	0.0873	9.758e-08
X	115378395	rs57780964	T	C	0.4295	-0.056	0.0001219	-0.0556	3.67e-06	0.4248	-0.0698	2.906e-06	-0.0698	2.906e-06
X	115378667	rs5952211	A	G	0.2714	0.0772	4.351e-09	0.0772	4.351e-09	0.2727	0.09	2.631e-05	0.0872	9.778e-08
X	115378876	rs5952212	C	T	0.2697	0.0773	4.986e-09	0.0773	4.986e-09	0.2709	0.0903	3.415e-05	0.0875	1.038e-07
X	115379311	rs62604701	C	T	0.2675	0.078	3.801e-09	0.078	3.801e-09	0.2696	0.0902	2.913e-05	0.087	1.196e-07
X	115379372	rs12401005	G	A	0.2716	0.0772	4.399e-09	0.0772	4.399e-09	0.2728	0.09	2.472e-05	0.0872	9.712e-08
X	115379493	rs5952213	T	A	0.2712	0.0773	4.302e-09	0.0773	4.302e-09	0.2725	0.0901	2.485e-05	0.0873	9.626e-08
X	115379773	rs181340049	A	T	0.0152	-0.0339	0.6028	-0.0317	0.583	0.0159	-0.0668	0.3402	-0.0668	0.3402
X	115380045	rs5952214	C	T	0.2686	0.0768	5.995e-09	0.0768	5.995e-09	0.2706	0.0892	3.911e-05	0.0861	1.506e-07
X	115380374	rs62604705	A	C	0.2718	0.077	4.453e-09	0.077	4.453e-09	0.273	0.0899	2.27e-05	0.087	9.801e-08
X	115381004	rs11091061	T	C	0.4231	-0.0567	0.0001076	-0.0562	3.763e-06	0.4186	-0.0709	2.65e-06	-0.0709	2.65e-06
X	115381187	rs5952215	T	C	0.2945	-0.0087	0.5978	-0.0107	0.4179	0.2983	-0.0089	0.7151	-0.0052	0.7501
X	115381287	rs12686877	C	T	0.5691	0.0563	0.0001061	0.056	2.947e-06	0.5741	0.0693	3.247e-06	0.0693	3.247e-06
X	115381288	rs189782402	A	G	0.0327	0.0841	0.1055	0.0841	0.1055	0.032	0.1398	0.1986	0.1356	0.0494
X	115381787	rs4824379	C	T	0.2722	0.0768	4.583e-09	0.0768	4.583e-09	0.2734	0.0897	2.01e-05	0.0869	9.823e-08
X	115381830	rs4824380	A	G	0.2946	-0.0086	0.6001	-0.0106	0.4211	0.2985	-0.0089	0.7144	-0.0052	0.7489
X	115381836	rs4824381	G	A	0.272	0.0769	4.613e-09	0.0769	4.613e-09	0.2732	0.0898	1.964e-05	0.087	9.545e-08
X	115382078	rs142956797	T	C	0.0498	-0.0809	0.07612	-0.0809	0.07612	0.049	-0.1255	0.02675	-0.1255	0.02675
X	115382231	rs5952216	T	C	0.2673	0.0771	5.511e-09	0.0771	5.511e-09	0.2693	0.0895	3.319e-05	0.0861	1.592e-07
X	115382259	rs5952217	C	G	0.2335	0.0855	1.438e-08	0.0856	1.016e-08	0.2339	0.1038	6.403e-05	0.0979	1.412e-07
X	115382260	rs5952218	T	C	0.2334	0.0859	1.33e-08	0.086	8.458e-09	0.234	0.1038	6.519e-05	0.0978	1.46e-07
X	115382384	rs2145203	T	C	0.295	-0.0077	0.6419	-0.0098	0.4539	0.2988	-0.0078	0.7479	-0.0047	0.7731
X	115382569	rs2145204	G	C	0.3114	-0.008	0.6405	-0.01	0.4577	0.3156	-0.0078	0.7535	-0.0036	0.8275
X	115382723	rs12687773	C	T	0.5695	0.0564	0.000114	0.056	2.903e-06	0.5745	0.0693	3.202e-06	0.0693	3.202e-06
X	115382937	rs55947752	T	C	0.5696	0.0564	0.0001159	0.056	2.884e-06	0.5746	0.0693	3.173e-06	0.0693	3.173e-06
X	115383200	rs5905376	A	C	0.2729	0.0765	4.845e-09	0.0765	4.845e-09	0.2739	0.0894	1.647e-05	0.0866	9.874e-08
X	115383925	rs146582009	G	A	0.0388	0.1375	0.02721	0.145	0.0004516	0.0406	0.0965	0.1032	0.0942	0.05445
X	115383943	rs2145205	A	G	0.2756	0.0763	5.013e-09	0.0763	5.013e-09	0.2766	0.089	1.679e-05	0.0858	1.248e-07
X	115383973	rs2145206	G	T	0.2729	0.0765	4.891e-09	0.0765	4.891e-09	0.274	0.0894	1.623e-05	0.0866	9.869e-08
X	115384110	rs4549898	G	C	0.2729	0.0765	4.907e-09	0.0765	4.907e-09	0.274	0.0894	1.616e-05	0.0866	9.899e-08
X	115384135	rs5952220	A	C	0.2729	0.0765	4.913e-09	0.0765	4.913e-09	0.274	0.0894	1.609e-05	0.0866	9.887e-08
X	115384390	rs11091063	C	T	0.2707	0.0766	6.361e-09	0.0766	6.361e-09	0.2717	0.0903	2.312e-05	0.0872	1.067e-07
X	115384420	rs11091064	C	T	0.2726	0.0761	6.633e-09	0.0761	6.633e-09	0.2737	0.0895	2.165e-05	0.0866	1.094e-07
X	115384458	rs11091065	G	C	0.2731	0.0765	5.269e-09	0.0765	5.269e-09	0.2742	0.0895	1.792e-05	0.0866	1.049e-07
X	115384521	rs9697975	C	T	0.2725	0.0761	6.507e-09	0.0761	6.507e-09	0.2735	0.0898	2.151e-05	0.0869	1.015e-07
X	115385179	rs5952118	T	C	0.2731	0.0765	5.236e-09	0.0765	5.236e-09	0.2742	0.0895	1.782e-05	0.0866	1.044e-07
X	115385188	X:115385188:TA_T	D	R	0.2719	0.0763	6.229e-09	0.0763	6.229e-09	0.2732	0.0895	2.626e-05	0.0861	1.347e-07
X	115386168	rs4824382	G	A	0.2726	0.0765	5.131e-09	0.0765	5.131e-09	0.2737	0.0897	1.718e-05	0.0867	9.856e-08
X	115386347	rs4824384	C	T	0.1264	0.0992	0.0003592	0.0996	2.18e-05	0.1254	0.1113	0.0001706	0.1113	0.0001706
X	115386503	rs4824386	T	A	0.4008	0.0212	0.3514	0.0162	0.2481	0.4048	0.0253	0.3616	0.0272	0.1173
X	115386565	rs5952223	T	C	0.2769	0.079	1.833e-09	0.079	1.833e-09	0.2778	0.0933	1.334e-05	0.0902	3.3e-08
X	115386809	rs4332259	G	T	0.4171	-0.0585	0.0001023	-0.0581	2.373e-06	0.412	-0.0727	2.006e-06	-0.0727	2.006e-06
X	115386838	rs149234501	T	C	0.2461	0.0825	9.615e-09	0.0825	9.615e-09	0.2475	0.0989	3.37e-05	0.0957	8.19e-08
X	115386904	rs144440054	A	C	0.2427	0.0815	1.486e-08	0.0815	1.486e-08	0.2429	0.0997	5.995e-05	0.0947	1.32e-07
X	115386925	rs148492450	C	T	0.2427	0.0815	1.487e-08	0.0815	1.487e-08	0.2429	0.0998	5.986e-05	0.0947	1.308e-07
X	115387123	rs145287377	C	T	0.2158	0.0883	2.393e-08	0.0883	2.393e-08	0.2163	0.1098	6.066e-05	0.1033	1.636e-07
X	115387186	rs187804667	T	G	0.0666	0.0025	0.9434	0.0066	0.7947	0.067	0.0081	0.8501	0.0246	0.4333
X	115387363	rs147882419	G	A	0.4164	-0.059	8.511e-05	-0.0586	1.994e-06	0.4111	-0.0729	1.946e-06	-0.0729	1.946e-06
X	115387699	rs140936379	T	C	0.2685	0.0771	5.008e-09	0.0771	5.008e-09	0.2706	0.0897	2.329e-05	0.0863	1.311e-07
X	115388155	rs77567049	T	C	0.2695	0.0737	3.483e-08	0.0737	3.483e-08	0.2702	0.0898	1.586e-05	0.0871	1.599e-07
X	115388314	rs12382530	T	C	0.4062	-0.0582	0.0001442	-0.0577	4.692e-06	0.4013	-0.0726	3.552e-06	-0.0726	3.552e-06
X	115388461	rs5905382	T	G	0.1931	0.0867	4.851e-07	0.0867	4.851e-07	0.1933	0.1083	0.0002805	0.1048	1.171e-06
X	115388470	rs5905383	T	C	0.1931	0.0867	4.851e-07	0.0867	4.851e-07	0.1933	0.1083	0.0002805	0.1048	1.171e-06
X	115388670	rs7888795	C	T	0.2437	0.0809	4.252e-08	0.0812	1.832e-08	0.2434	0.0983	2.325e-05	0.0945	1.565e-07
X	115388723	rs5905385	A	C	0.2379	0.083	1.952e-08	0.083	1.952e-08	0.2383	0.099	1.921e-05	0.0956	2.148e-07
X	115388765	X:115388765:TTA_T	R	D	0.3811	0	0.9997	-0.0061	0.6621	0.3852	-0.0028	0.9292	0.0011	0.9475
X	115388820	rs5905386	T	C	0.2745	0.0777	3.346e-09	0.0777	3.346e-09	0.2753	0.0928	1.492e-05	0.0898	3.937e-08
X	115388920	rs5905387	T	G	0.2728	0.0762	6.153e-09	0.0762	6.153e-09	0.274	0.0898	1.587e-05	0.0867	1.03e-07
X	115389337	X:115389337:TG_T	D	R	0.2728	0.0761	6.265e-09	0.0761	6.265e-09	0.2741	0.0898	1.567e-05	0.0867	1.027e-07
X	115389630	rs17242646	T	C	0.5688	0.0567	0.0001232	0.0561	2.4e-06	0.5739	0.0693	2.829e-06	0.0693	2.829e-06
X	115389996	rs143750090	T	C	0.0151	-0.0317	0.6343	-0.0293	0.6123	0.0158	-0.0644	0.3582	-0.0644	0.3582
X	115390058	rs9699117	C	T	0.2729	0.0761	6.365e-09	0.0761	6.365e-09	0.2741	0.0898	1.554e-05	0.0867	1.031e-07
X	115390901	rs5905222	T	C	0.2738	0.076	6.797e-09	0.076	6.797e-09	0.275	0.0897	1.342e-05	0.0867	1.048e-07
X	115391355	rs12842261	T	C	0.0828	-0.0166	0.5597	-0.0267	0.2286	0.0809	-1e-04	0.9986	-0.0228	0.4156
X	115391369	X:115391369:T_TAT	I	R	0.2705	0.0758	9.142e-09	0.0758	9.142e-09	0.2726	0.0888	4.075e-05	0.0852	1.939e-07
X	115391376	X:115391376:G_GT	I	R	0.0628	0.1505	6.223e-05	0.1505	6.223e-05	0.0638	0.1644	0.0003799	0.1644	0.0003799
X	115391380	rs78102172	A	C	0.2728	0.0761	6.435e-09	0.0761	6.435e-09	0.2741	0.0898	1.568e-05	0.0867	1.05e-07
X	115391595	X:115391595:A_AG	R	I	0.294	-0.0056	0.7418	-0.0079	0.5445	0.298	-0.0063	0.7988	-0.0032	0.8427
X	115391861	rs78504957	A	G	0.258	0.0776	1.852e-08	0.0776	1.852e-08	0.2585	0.095	5.236e-06	0.0917	9.968e-08
X	115391937	rs5952228	T	A	0.275	0.0759	6.48e-09	0.0759	6.48e-09	0.2763	0.0904	3.043e-06	0.0876	7.355e-08
X	115392015	rs5952229	G	A	0.2754	0.076	6.394e-09	0.076	6.394e-09	0.2767	0.0904	3.04e-06	0.0877	7.343e-08
X	115392529	rs5952230	C	T	0.2746	0.0762	5.66e-09	0.0762	5.66e-09	0.2759	0.0908	2.285e-06	0.0881	6.262e-08
X	115392764	rs5905388	A	G	0.2746	0.0762	5.681e-09	0.0762	5.681e-09	0.2759	0.0908	2.288e-06	0.0881	6.267e-08
X	115392894	rs56066642	C	T	0.2746	0.0762	5.715e-09	0.0762	5.715e-09	0.2759	0.0908	2.296e-06	0.088	6.284e-08
X	115392902	X:115392902:CA_C	D	R	0.2737	0.0773	4.484e-09	0.0773	4.484e-09	0.2757	0.0916	3.638e-05	0.0862	1.39e-07
X	115392906	X:115392906:AG_A	D	R	0.2737	0.0773	4.491e-09	0.0773	4.491e-09	0.2757	0.0916	3.639e-05	0.0862	1.39e-07
X	115393408	rs5952119	G	A	0.2946	-0.0055	0.7498	-0.008	0.5404	0.2986	-0.0061	0.8065	-0.0031	0.8467
X	115393862	rs62604736	C	G	0.2739	0.0756	7.451e-09	0.0756	7.451e-09	0.2754	0.0904	3.941e-06	0.0872	8.721e-08
X	115394043	X:115394043:AT_A	D	R	0.4141	-0.0567	0.0003275	-0.0562	4.846e-06	0.4091	-0.0719	2.616e-06	-0.0719	2.616e-06
X	115394808	rs10156970	G	A	0.2747	0.0758	6.611e-09	0.0758	6.611e-09	0.2762	0.0909	2.109e-06	0.0882	5.896e-08
X	115394907	rs6608501	G	A	0.2953	-0.0064	0.7095	-0.0088	0.503	0.2992	-0.0066	0.7896	-0.0035	0.8281
X	115395018	rs55837284	T	G	0.2697	0.0765	6.374e-09	0.0765	6.374e-09	0.272	0.0908	9.231e-06	0.0872	9.664e-08
X	115395144	rs4824334	G	C	0.2957	-0.0057	0.7368	-0.0078	0.5491	0.2997	-0.0059	0.8076	-0.0031	0.8479
X	115395576	rs4824335	C	T	0.2626	0.079	3.959e-09	0.079	3.959e-09	0.2647	0.0905	0.0001016	0.0869	1.802e-07
X	115395980	rs5952231	C	T	0.2944	-0.0059	0.7303	-0.0083	0.5254	0.2984	-0.0062	0.8034	-0.003	0.8521
X	115396071	rs146068229	G	A	0.0296	0.0178	0.7056	0.0178	0.7056	NA	NA	NA	NA	NA
X	115396767	X:115396767:T_TAA	R	I	0.2963	-0.0058	0.7425	-0.0083	0.5265	0.3011	-0.0073	0.7752	-0.0042	0.7967
X	115396770	X:115396770:G_GAA	R	I	0.3279	-0.01	0.6035	-0.0122	0.3723	0.3318	-0.0104	0.7056	-0.0069	0.685
X	115397111	rs5905390	C	G	0.5669	0.056	0.000172	0.0554	3.344e-06	0.5722	0.0692	2.876e-06	0.0692	2.876e-06
X	115399169	X:115399169:GA_G	D	R	0.2723	0.0751	1.154e-08	0.0751	1.154e-08	0.2734	0.0916	5.016e-06	0.0885	6.877e-08
X	115399444	rs5905223	T	C	0.4798	0.0609	2.102e-07	0.0609	2.102e-07	0.4873	0.0751	2.65e-07	0.0751	2.65e-07
X	115399483	rs4269663	A	C	0.2664	0.0765	7.201e-09	0.0765	7.201e-09	0.2684	0.0901	3.188e-05	0.0866	1.345e-07
X	115399584	rs4824387	T	C	0.2735	0.0751	9.894e-09	0.0751	9.894e-09	0.2748	0.0913	3.2e-06	0.0883	6.067e-08
X	115399825	rs183248916	T	C	0.0169	0.0312	0.6487	0.0312	0.6487	0.0173	0.0446	0.6121	0.0446	0.6121
X	115399875	rs6520202	A	C	0.5675	0.0556	0.0001372	0.0552	3.141e-06	0.5727	0.0689	2.902e-06	0.0689	2.902e-06
X	115400177	rs977403	G	T	0.2669	0.0776	4.39e-09	0.0776	4.39e-09	0.2688	0.0907	3.142e-05	0.0869	1.265e-07
X	115400327	rs148719019	G	A	0.0443	-0.0414	0.2759	-0.0345	0.2628	0.0454	-0.0441	0.3839	-0.0336	0.3729
X	115400631	rs4824388	A	C	0.2928	-0.0061	0.7227	-0.0086	0.509	0.2969	-0.0063	0.7998	-0.0033	0.8361
X	115400905	rs5952232	C	T	0.2669	0.0781	3.652e-09	0.0781	3.652e-09	0.269	0.0889	4.927e-05	0.0856	1.928e-07
X	115401070	rs5952233	T	C	0.2669	0.0781	3.617e-09	0.0781	3.617e-09	0.269	0.0889	4.948e-05	0.0855	1.935e-07
X	115401529	rs5952120	C	T	0.2748	0.0768	4.447e-09	0.0768	4.447e-09	0.276	0.0898	3.581e-06	0.0873	8.381e-08
X	115402383	rs5952234	A	G	0.2936	-0.0051	0.7706	-0.0079	0.5405	0.2977	-0.0046	0.8548	-0.0024	0.8807
X	115402514	rs5952235	G	A	0.2748	0.0763	5.512e-09	0.0763	5.512e-09	0.276	0.0896	4.099e-06	0.087	9.19e-08
X	115402527	rs5952236	A	G	0.2945	-0.0051	0.7714	-0.0076	0.557	0.2985	-0.0039	0.8747	-0.0014	0.9325
X	115402656	rs5952237	C	G	0.2749	0.0763	5.449e-09	0.0763	5.449e-09	0.2762	0.0897	4.144e-06	0.0871	8.982e-08
X	115403059	rs981307	G	C	0.2082	9e-04	0.9546	0.0011	0.9412	0.2143	-0.01	0.7127	0.005	0.7813
X	115403219	rs5905391	A	G	0.2931	-0.0051	0.7769	-0.008	0.5409	0.2971	-0.0041	0.8684	-0.002	0.9024
X	115404811	rs4824389	G	T	0.2902	0.0757	9.678e-09	0.0757	9.678e-09	0.2918	0.0864	1.074e-05	0.0855	1.669e-07
X	115405140	rs4824336	T	C	0.2982	0.0737	9.704e-09	0.0737	9.704e-09	0.3002	0.0867	3.8e-07	0.0859	7.253e-08
X	115405358	rs5905224	T	G	0.2911	0.0726	1.853e-08	0.0726	1.853e-08	0.2931	0.0835	1.793e-05	0.0819	3.153e-07
X	115406096	rs2311430	C	T	0.2923	0.0721	2.019e-08	0.0721	2.019e-08	0.2945	0.0825	2.244e-05	0.0808	3.915e-07
X	115406864	rs5952121	A	C	0.2964	0.0708	3.127e-08	0.0708	3.127e-08	0.299	0.083	4.718e-06	0.0816	2.737e-07
X	115407301	rs5905393	A	T	0.2919	0.0714	2.805e-08	0.0714	2.805e-08	0.2937	0.0823	4.88e-05	0.0805	4.49e-07
X	115408287	rs17308578	T	C	0.169	0.0471	0.004817	0.0469	0.002896	0.1695	0.0752	0.02106	0.0624	0.001719
X	115408848	X:115408848:TTA_T	D	R	0.2995	0.0704	4.116e-08	0.0704	4.116e-08	0.3011	0.0831	3.201e-06	0.0819	2.815e-07
X	115408849	X:115408849:TA_T	D	R	0.3022	0.0699	4.688e-08	0.0699	4.688e-08	0.3034	0.0837	1.291e-06	0.0828	1.934e-07
X	115408912	rs961681	A	G	0.5824	0.0512	1.741e-05	0.0512	1.539e-05	0.5874	0.0655	8.86e-06	0.0655	8.86e-06
X	115409536	rs12557854	C	T	0.2885	0.0701	7.383e-08	0.0701	7.383e-08	0.2904	0.0825	4.351e-05	0.0806	5.965e-07
X	115409577	rs75145903	T	C	0.3009	0.07	4.095e-08	0.07	4.095e-08	0.3024	0.085	1.033e-06	0.0838	1.249e-07
X	115409702	rs12556525	T	C	0.293	0.071	3.477e-08	0.071	3.477e-08	0.2949	0.0827	2.147e-05	0.0811	3.692e-07
X	115410421	X:115410421:T_TA	I	R	0.2891	0.0724	2.693e-08	0.0724	2.693e-08	0.2907	0.0857	4.54e-05	0.083	2.675e-07
X	115410424	X:115410424:ATT_A	D	R	0.2891	0.0724	2.675e-08	0.0724	2.675e-08	0.2907	0.0857	4.494e-05	0.0831	2.648e-07
X	115412029	rs5905394	A	G	0.2931	0.071	3.534e-08	0.071	3.534e-08	0.295	0.0828	2.131e-05	0.0812	3.649e-07
X	115412639	rs11091068	A	G	0.3019	0.0699	4.383e-08	0.0699	4.383e-08	0.3031	0.0855	8.966e-07	0.0843	1.089e-07
X	115412722	rs5905395	A	T	0.2932	0.0713	3.164e-08	0.0713	3.164e-08	0.2952	0.0832	1.208e-05	0.0816	3.173e-07
X	115413555	rs5905396	T	A	0.2983	0.0707	3.397e-08	0.0707	3.397e-08	0.2989	0.0853	4.877e-06	0.0835	1.562e-07
X	115414348	rs5905225	A	C	0.2973	0.0712	2.836e-08	0.0712	2.836e-08	0.2984	0.0855	2.714e-06	0.0839	1.394e-07
X	115414520	rs5905397	T	G	0.2936	0.0713	3.169e-08	0.0713	3.169e-08	0.2955	0.0835	1.096e-05	0.0819	2.902e-07
X	115414864	X:115414864:CTA_C	D	R	0.0925	-0.1146	0.007147	-0.1048	0.001498	0.0913	-0.1363	0.008795	-0.1306	0.001507
X	115414918	rs187769298	C	T	0.2938	0.0715	2.888e-08	0.0715	2.888e-08	0.2957	0.0839	8.251e-06	0.0823	2.585e-07
X	115415063	rs12390313	G	A	0.2941	0.0713	3.242e-08	0.0713	3.242e-08	0.296	0.0836	1.102e-05	0.082	2.885e-07
X	115415298	X:115415298:GTATA	D	R	0.2911	0.0738	1.751e-08	0.0738	1.751e-08	0.2918	0.0888	3.239e-06	0.0868	9.756e-08
X	115415680	rs5952241	T	C	0.2936	0.0713	3.18e-08	0.0713	3.18e-08	0.2955	0.0836	1.127e-05	0.0819	2.937e-07
X	115415988	rs2208263	A	G	0.5902	0.053	8.637e-06	0.053	8.637e-06	0.5944	0.0692	2.842e-06	0.0692	2.842e-06
X	115416061	rs5952242	T	C	0.2976	0.0713	2.833e-08	0.0713	2.833e-08	0.2986	0.0858	2.472e-06	0.0842	1.312e-07
X	115417362	rs5952122	A	C	0.2976	0.0713	2.855e-08	0.0713	2.855e-08	0.2985	0.0857	2.292e-06	0.0841	1.339e-07
X	115417645	rs12156947	G	A	0.2914	0.0704	6.109e-08	0.0704	6.109e-08	0.2934	0.0835	2.138e-05	0.0818	3.829e-07
X	115418444	rs5952123	C	G	0.3614	0.0649	1.053e-07	0.0649	1.053e-07	0.3628	0.0819	6.642e-08	0.0819	6.642e-08
X	115418828	rs4824337	G	A	0.3532	0.065	1.193e-07	0.065	1.193e-07	0.3552	0.0785	2.505e-07	0.0785	2.505e-07
X	115419078	rs4824319	G	A	0.3583	0.065	1.09e-07	0.065	1.09e-07	0.359	0.0808	1.055e-07	0.0808	1.055e-07
X	115419729	rs5905228	G	A	0.3535	0.0652	1.084e-07	0.0652	1.084e-07	0.3554	0.079	2.119e-07	0.079	2.119e-07
X	115420373	rs4824338	A	G	0.3535	0.0652	1.09e-07	0.0652	1.09e-07	0.3554	0.079	2.106e-07	0.079	2.106e-07
X	115420387	rs5905229	C	T	0.1479	0.0495	0.03594	0.0492	0.01156	0.1481	0.073	0.01205	0.0721	0.00309
X	115420592	rs4824339	C	A	0.3584	0.0649	1.11e-07	0.0649	1.11e-07	0.359	0.0808	1.063e-07	0.0808	1.063e-07
X	115420623	rs4824340	A	T	0.3583	0.0649	1.129e-07	0.0649	1.129e-07	0.3589	0.0807	1.107e-07	0.0807	1.107e-07
X	115421313	rs62605913	C	T	0.3535	0.0652	1.074e-07	0.0652	1.074e-07	0.3554	0.0791	2.024e-07	0.0791	2.024e-07
X	115422136	rs141026746	G	C	0.0436	-0.1135	0.01337	-0.1135	0.01337	0.0434	-0.1579	0.007738	-0.1582	0.006205
X	115422499	rs5952127	C	T	0.3535	0.0652	1.102e-07	0.0652	1.102e-07	0.3554	0.079	2.066e-07	0.079	2.066e-07
X	115423150	rs5905230	G	A	0.3532	0.0649	1.239e-07	0.0649	1.239e-07	0.3551	0.0785	2.479e-07	0.0785	2.479e-07
X	115424830	rs4824341	G	A	0.3535	0.0651	1.149e-07	0.0651	1.149e-07	0.3553	0.0787	2.314e-07	0.0787	2.314e-07
X	115425062	rs5905154	T	C	0.3476	0.0638	2.256e-07	0.0638	2.256e-07	0.3493	0.0761	6.454e-07	0.0761	6.454e-07
X	115425156	rs76106224	G	A	0.3391	0.0633	1.785e-06	0.0639	3.302e-07	0.3406	0.0762	9.372e-07	0.0762	9.372e-07
X	115425158	X:115425158:G_GTA	I	R	0.3461	0.0649	2.277e-07	0.0649	2.277e-07	0.3466	0.0793	3.735e-07	0.0793	3.735e-07
X	115425184	X:115425184:TG_T	D	R	0.3283	0.0652	2.894e-06	0.0658	3.126e-07	0.3292	0.0781	2.349e-06	0.0782	1.042e-06
X	115425327	X:115425327:TGTAT	D	R	0.0279	0.1267	0.01478	0.1267	0.01478	0.0284	0.1306	0.09401	0.111	0.07791
X	115425334	X:115425334:ACG_A	D	R	0.039	0.1203	0.01382	0.1203	0.01382	0.0397	0.1386	0.04383	0.1281	0.03186
X	115425353	rs189280804	G	A	0.12	0.0959	0.0002825	0.0959	0.0002825	0.121	0.1142	0.0004848	0.1142	0.0004848
X	115425384	rs79194310	T	G	0.1709	0.0662	0.001149	0.0662	0.001149	0.1722	0.0908	0.0003121	0.0908	0.0003121
X	115425413	rs185474845	C	T	0.025	0.1283	0.02604	0.1283	0.02604	NA	NA	NA	NA	NA
X	115425443	rs5905233	G	A	0.0824	0.031	0.2479	0.0327	0.1589	0.0867	0.0063	0.8917	0.0323	0.2506
X	115425580	rs12400910	T	C	0.3511	0.0618	4.292e-07	0.0618	4.292e-07	0.3516	0.0767	4.599e-07	0.0767	4.599e-07
X	115425614	rs12400912	A	C	0.3511	0.0618	4.302e-07	0.0618	4.302e-07	0.3516	0.0767	4.61e-07	0.0767	4.61e-07
X	115425675	rs12398582	C	T	0.3434	0.0613	6.874e-07	0.0613	6.874e-07	0.345	0.0736	1.575e-06	0.0736	1.575e-06
X	115425876	rs141919491	A	G	0.055	0.0065	0.8533	0.0081	0.7708	0.0555	0.0267	0.5132	0.0335	0.3269
X	115425897	rs5952130	A	G	0.3511	0.0617	4.42e-07	0.0617	4.42e-07	0.3516	0.0766	4.682e-07	0.0766	4.682e-07
X	115426250	rs7890269	A	G	0.3511	0.0614	4.879e-07	0.0614	4.879e-07	0.3516	0.0764	4.914e-07	0.0764	4.914e-07
X	115426372	rs7880946	C	T	0.3512	0.0614	4.855e-07	0.0614	4.855e-07	0.3517	0.0763	5.072e-07	0.0763	5.072e-07
X	115426752	X:115426752:GGTT_	D	R	0.3512	0.0614	4.86e-07	0.0614	4.86e-07	0.3516	0.0763	5.081e-07	0.0763	5.081e-07
X	115426846	rs2057286	C	T	0.5985	0.0568	3.699e-06	0.0568	3.699e-06	0.6028	0.0726	1.856e-06	0.0726	1.856e-06
X	115426981	rs4824342	A	G	0.3512	0.0614	4.872e-07	0.0614	4.872e-07	0.3516	0.0762	5.087e-07	0.0762	5.087e-07
X	115427053	rs4824343	G	T	0.3473	0.0606	1.163e-06	0.0608	6.953e-07	0.3485	0.0735	1.321e-06	0.0735	1.321e-06
X	115427277	rs4824344	A	G	0.3509	0.0601	8.223e-07	0.0601	8.223e-07	0.3528	0.0745	8.556e-07	0.0745	8.556e-07
X	115427319	rs4824320	A	C	0.3506	0.0604	7.301e-07	0.0604	7.301e-07	0.3527	0.0745	8.754e-07	0.0745	8.754e-07
X	115427805	rs5905234	T	C	0.3498	0.0609	6.024e-07	0.0609	6.024e-07	0.3521	0.0744	8.816e-07	0.0744	8.816e-07
X	115427841	rs5905235	T	C	0.3498	0.0609	6.017e-07	0.0609	6.017e-07	0.3521	0.0744	8.806e-07	0.0744	8.806e-07
X	115428787	rs5905237	A	C	0.3463	0.0614	5.404e-07	0.0614	5.404e-07	0.3479	0.0737	1.245e-06	0.0737	1.245e-06
X	115428847	rs5905238	A	G	0.3506	0.0619	3.918e-07	0.0619	3.918e-07	0.3512	0.0762	5.07e-07	0.0762	5.07e-07
X	115429097	rs5905239	T	A	0.3548	0.061	5.354e-07	0.061	5.354e-07	0.3558	0.077	3.608e-07	0.077	3.608e-07
X	115429476	rs927148	T	G	0.3548	0.061	5.399e-07	0.061	5.399e-07	0.3558	0.0769	3.709e-07	0.0769	3.709e-07
X	115429591	rs111766629	A	G	0.062	-0.1254	0.004838	-0.1256	0.003083	0.0624	-0.1301	0.01265	-0.1299	0.01168
X	115430041	rs5905240	A	G	0.3486	0.0617	4.452e-07	0.0617	4.452e-07	0.3497	0.0745	9.209e-07	0.0745	9.209e-07
X	115430413	rs5905241	C	T	0.3462	0.0614	5.47e-07	0.0614	5.47e-07	0.348	0.0735	1.298e-06	0.0735	1.298e-06
X	115431708	rs5905242	G	A	0.3469	0.0613	5.525e-07	0.0613	5.525e-07	0.3489	0.0737	1.197e-06	0.0737	1.197e-06
X	115431730	rs5905243	G	C	0.3519	0.0613	5.071e-07	0.0613	5.071e-07	0.3525	0.0761	5.152e-07	0.0761	5.152e-07
X	115433283	rs79398064	G	A	0.3473	0.0607	6.888e-07	0.0607	6.888e-07	0.3491	0.0736	1.214e-06	0.0736	1.214e-06
X	115433426	X:115433426:G_GGT	I	R	0.2743	0.0767	2.154e-07	0.0767	2.154e-07	0.2737	0.0935	3.972e-07	0.0935	3.972e-07
X	115433430	rs183096142	C	A	0.2767	0.0775	1.819e-07	0.0775	1.819e-07	0.2765	0.0962	2.094e-07	0.0962	2.094e-07
X	115433431	rs187046608	G	T	0.2793	0.0761	2.517e-07	0.0761	2.517e-07	0.2785	0.0962	1.761e-07	0.0962	1.761e-07
X	115433452	rs56038103	A	C	0.3325	0.0623	1.175e-06	0.0623	1.175e-06	0.3331	0.078	9.036e-07	0.078	9.036e-07
X	115433576	rs56406710	T	C	0.3496	0.0613	5.051e-07	0.0613	5.051e-07	0.3509	0.0748	7.849e-07	0.0748	7.849e-07
X	115433576	X:115433576:CCAGG	D	R	0.0864	-0.1017	0.01082	-0.0987	0.005666	0.0856	-0.1433	0.0062	-0.1393	0.001641
X	115434243	X:115434243:TATCA	D	R	0.2284	0.0917	1.077e-06	0.0939	7.637e-09	0.229	0.1035	0.0001845	0.1025	3.64e-07
X	115434245	X:115434245:TC_T	D	R	0.3496	0.0613	5.066e-07	0.0613	5.066e-07	0.3509	0.0748	7.87e-07	0.0748	7.87e-07
X	115435082	rs75907612	A	G	0.3524	0.0609	5.982e-07	0.0609	5.982e-07	0.3529	0.0761	5.054e-07	0.0761	5.054e-07
X	115435265	rs10429732	A	G	0.3524	0.0609	5.983e-07	0.0609	5.983e-07	0.3529	0.0761	5.058e-07	0.0761	5.058e-07
X	115435902	rs5952133	C	T	0.3496	0.0613	5.149e-07	0.0613	5.149e-07	0.3509	0.0747	8.005e-07	0.0747	8.005e-07
X	115436019	rs142123702	T	C	0.0597	-0.0373	0.4097	-0.0525	0.063	0.0568	-0.0449	0.3542	-0.0552	0.1241
X	115436199	rs5952134	C	T	0.3547	0.061	5.65e-07	0.061	5.65e-07	0.356	0.0766	4.175e-07	0.0766	4.175e-07
X	115436450	rs74656738	T	C	0.3548	0.061	5.669e-07	0.061	5.669e-07	0.356	0.0766	4.194e-07	0.0766	4.194e-07
X	115436626	rs75764312	T	C	0.3548	0.061	5.67e-07	0.061	5.67e-07	0.356	0.0766	4.194e-07	0.0766	4.194e-07
X	115436830	rs5905244	C	T	0.3548	0.061	5.669e-07	0.061	5.669e-07	0.356	0.0766	4.198e-07	0.0766	4.198e-07
X	115436881	rs5952135	G	A	0.3548	0.0609	5.675e-07	0.0609	5.675e-07	0.356	0.0766	4.198e-07	0.0766	4.198e-07
X	115436999	rs2871762	C	A	0.3548	0.0609	5.696e-07	0.0609	5.696e-07	0.356	0.0766	4.214e-07	0.0766	4.214e-07
X	115437253	rs2311431	G	C	0.3472	0.0607	6.991e-07	0.0607	6.991e-07	0.3491	0.0735	1.253e-06	0.0735	1.253e-06
X	115437379	rs4239955	C	T	0.3548	0.0609	5.687e-07	0.0609	5.687e-07	0.356	0.0766	4.205e-07	0.0766	4.205e-07
X	115437581	rs10429803	T	C	0.3548	0.0609	5.691e-07	0.0609	5.691e-07	0.356	0.0766	4.209e-07	0.0766	4.209e-07
X	115438064	rs144119236	T	C	0.044	-0.1156	0.01274	-0.1156	0.01274	0.0439	-0.162	0.005738	-0.1621	0.005574
X	115438118	rs2145200	T	G	0.3318	0.063	9.257e-07	0.063	9.257e-07	0.3324	0.0779	1.02e-06	0.0779	1.02e-06
X	115438389	rs66688056	A	G	0.2355	-0.055	0.002597	-0.0553	0.001065	0.2328	-0.0674	0.00383	-0.0684	0.001173
X	115438618	rs6608623	C	G	0.0964	-0.098	0.004374	-0.0966	0.003055	0.0954	-0.1413	0.002336	-0.1389	0.000609
X	115438930	rs143494081	C	T	0.0205	-0.0863	0.2748	-0.0922	0.181	0.0197	-0.0672	0.6662	-0.0917	0.3185
X	115438941	rs5905155	A	G	0.3472	0.0607	6.973e-07	0.0607	6.973e-07	0.3491	0.0734	1.265e-06	0.0734	1.265e-06
X	115439852	rs1033708	T	C	0.3471	0.0607	6.944e-07	0.0607	6.944e-07	0.3492	0.0734	1.272e-06	0.0734	1.272e-06
X	115440510	rs4824347	A	G	0.3471	0.0607	7.015e-07	0.0607	7.015e-07	0.3492	0.0734	1.285e-06	0.0734	1.285e-06
X	115441019	rs7063064	G	A	0.3514	0.0611	5.324e-07	0.0611	5.324e-07	0.3523	0.0757	5.562e-07	0.0757	5.562e-07
X	115441954	rs12558599	G	A	0.3495	0.0612	5.235e-07	0.0612	5.235e-07	0.3509	0.0745	8.344e-07	0.0745	8.344e-07
X	115442160	rs12558638	G	A	0.334	0.0631	8.497e-07	0.0631	8.497e-07	0.3353	0.0785	8.163e-07	0.0785	8.163e-07
X	115443599	rs190012601	T	C	0.0787	0.0018	0.9708	-0.0242	0.3834	0.0763	0.0254	0.649	-0.0133	0.704
X	115444342	rs183332636	G	A	0.1286	0.1108	8.235e-06	0.1108	8.235e-06	0.1292	0.1322	1.882e-05	0.1322	1.882e-05
X	115445080	X:115445080:TA_T	D	R	0.0265	-0.0061	0.9324	-0.011	0.8166	0.0273	0.0401	0.579	0.0276	0.6276
X	115445463	rs74585776	A	G	0.024	-0.0122	0.8777	-0.0163	0.7468	0.0243	0.0493	0.6108	0.0235	0.7003
X	115445791	rs145696682	G	A	0.0442	-0.1158	0.01279	-0.1158	0.01279	0.044	-0.1625	0.005621	-0.1625	0.005527
X	115445827	rs985182	T	A	0.3546	0.0609	5.8e-07	0.0609	5.8e-07	0.3558	0.0764	4.467e-07	0.0764	4.467e-07
X	115446051	rs7065288	T	C	0.3495	0.0612	5.303e-07	0.0612	5.303e-07	0.3509	0.0745	8.512e-07	0.0745	8.512e-07
X	115446150	rs2145201	C	G	0.2111	-0.0039	0.8639	-0.0062	0.6822	0.2141	-0.0209	0.4838	-0.0112	0.5492
X	115446451	rs986343	G	A	0.3546	0.0609	5.8e-07	0.0609	5.8e-07	0.3558	0.0764	4.499e-07	0.0764	4.499e-07
X	115446539	rs986344	G	T	0.3483	0.0614	5.116e-07	0.0614	5.116e-07	0.3498	0.0755	6.514e-07	0.0755	6.514e-07
X	115447306	rs1999809	G	A	0.347	0.0606	7.222e-07	0.0606	7.222e-07	0.3491	0.0732	1.336e-06	0.0732	1.336e-06
X	115448065	rs5905248	G	A	0.3545	0.0608	5.914e-07	0.0608	5.914e-07	0.3557	0.0762	4.646e-07	0.0762	4.646e-07
X	115448531	rs140423023	G	A	0.0168	0.0386	0.5763	0.0386	0.5763	0.0168	0.0636	0.5038	0.0667	0.4567
X	115449065	rs6608502	A	G	0.5982	0.057	5.214e-06	0.057	5.214e-06	0.6023	0.0709	4.877e-06	0.0709	4.877e-06
X	115450953	X:115450953:TGTTA	R	D	0.1517	0.0103	0.6163	0.0112	0.5113	0.1577	-0.0122	0.6998	0.004	0.8467
X	115452303	rs10521570	T	C	0.3548	0.0608	5.91e-07	0.0608	5.91e-07	0.3561	0.0763	4.623e-07	0.0763	4.623e-07
X	115452505	rs12391402	T	A	0.3545	0.0608	6.112e-07	0.0608	6.112e-07	0.3557	0.0762	4.857e-07	0.0762	4.857e-07
X	115453006	rs17242737	A	G	0.3514	0.061	5.649e-07	0.061	5.649e-07	0.3522	0.0755	6.014e-07	0.0755	6.014e-07
X	115453556	rs7881340	A	G	0.3545	0.0608	6.095e-07	0.0608	6.095e-07	0.3558	0.0762	4.752e-07	0.0762	4.752e-07
X	115453777	rs111690026	T	G	0.3491	0.0618	4.085e-07	0.0618	4.085e-07	0.3504	0.0754	6.326e-07	0.0754	6.326e-07
X	115453981	rs5905249	C	T	0.3471	0.0607	7.177e-07	0.0607	7.016e-07	0.3491	0.0733	1.306e-06	0.0733	1.306e-06
X	115454120	rs5905250	C	T	0.3477	0.0615	5.028e-07	0.0615	5.028e-07	0.3497	0.0743	9.516e-07	0.0743	9.516e-07
X	115454247	rs149582780	G	C	0.0594	-0.039	0.4006	-0.055	0.05626	0.0565	-0.0456	0.3637	-0.057	0.1186
X	115454276	rs5905251	A	T	0.3546	0.0608	6.058e-07	0.0608	6.058e-07	0.3557	0.0762	4.798e-07	0.0762	4.798e-07
X	115455259	rs4824352	C	G	0.3536	0.0609	5.765e-07	0.0609	5.765e-07	0.3548	0.0755	6.102e-07	0.0755	6.102e-07
X	115455388	rs4824353	C	A	0.3543	0.0605	6.801e-07	0.0605	6.801e-07	0.3553	0.0756	5.851e-07	0.0756	5.851e-07
X	115455619	rs5905252	G	A	0.3573	0.0602	1.039e-06	0.0602	1.039e-06	0.3581	0.0745	1.134e-06	0.0745	1.134e-06
X	115456249	rs5905253	C	A	0.3496	0.0613	5.136e-07	0.0613	5.136e-07	0.3509	0.0745	8.514e-07	0.0745	8.514e-07
X	115456745	rs17308662	T	C	0.3544	0.0605	6.865e-07	0.0605	6.865e-07	0.3554	0.0755	6.017e-07	0.0755	6.017e-07
X	115457145	X:115457145:TTCC_	D	R	0.3472	0.0607	6.97e-07	0.0607	6.97e-07	0.3491	0.0733	1.331e-06	0.0733	1.331e-06
X	115457424	rs4824354	A	G	0.3601	0.0607	7.034e-07	0.0607	7.034e-07	0.3613	0.0758	6.229e-07	0.0758	6.229e-07
X	115457731	rs980136	T	C	0.3544	0.0603	7.533e-07	0.0603	7.533e-07	0.3554	0.0753	6.453e-07	0.0753	6.453e-07
X	115458263	rs12843970	T	C	0.0303	-0.0194	0.7824	-0.0249	0.5775	0.0304	0.0277	0.7449	-0.007	0.8964
X	115458510	rs4824355	A	G	0.3483	0.0615	5.658e-07	0.0615	5.658e-07	0.3493	0.0748	9.551e-07	0.0748	9.551e-07
X	115459458	rs2104001	A	G	0.3475	0.0606	8.719e-07	0.0606	8.096e-07	0.3494	0.0731	1.578e-06	0.0731	1.578e-06
X	115461341	rs5905254	A	C	0.349	0.0615	6.061e-07	0.0615	6.061e-07	0.3508	0.074	1.296e-06	0.074	1.296e-06
X	115461451	rs5905255	T	C	0.3474	0.0616	6.675e-07	0.0616	6.675e-07	0.3488	0.0743	1.317e-06	0.0743	1.317e-06
X	115461498	rs5905156	G	A	0.3839	0.06	1.303e-06	0.06	1.303e-06	0.3857	0.075	1.066e-06	0.075	1.066e-06
X	115461566	rs5905157	A	G	0.3505	0.0614	6.449e-07	0.0614	6.449e-07	0.3519	0.0747	1.051e-06	0.0747	1.051e-06
X	115462434	X:115462434:TG_T	D	R	0.1304	0.0663	0.009215	0.0663	0.009215	0.1306	0.0936	0.003369	0.0936	0.003369
X	115462437	rs59146823	A	G	0.3549	0.061	7.615e-07	0.061	7.615e-07	0.3564	0.0751	9.297e-07	0.0751	9.297e-07
X	115462449	rs60372892	C	T	0.3515	0.0609	7.935e-07	0.0609	7.935e-07	0.353	0.0745	1.123e-06	0.0745	1.123e-06
X	115462777	rs56939572	A	G	0.3503	0.0609	8.665e-07	0.0609	8.665e-07	0.3514	0.0751	1.064e-06	0.0751	1.064e-06
X	115462818	rs58961407	A	C	0.3538	0.0601	1.216e-06	0.0601	1.216e-06	0.3547	0.0744	1.325e-06	0.0744	1.325e-06
X	115462843	rs75139407	C	T	0.3488	0.0614	7.223e-07	0.0614	7.223e-07	0.3502	0.0749	1.151e-06	0.0749	1.151e-06
X	115463139	rs78948045	T	C	0.3539	0.0617	6.792e-07	0.0617	6.792e-07	0.355	0.0749	1.23e-06	0.0749	1.23e-06
X	115463176	rs77991125	G	C	0.0303	-0.0265	0.6957	-0.0304	0.5011	0.0306	0.0105	0.8995	-0.0222	0.6833
X	115463650	rs5905158	C	T	0.5266	0.062	3.096e-07	0.062	3.096e-07	0.5345	0.0746	7.54e-07	0.0746	7.54e-07
X	115464182	rs6608625	C	T	0.5259	0.0653	2.099e-07	0.0653	2.099e-07	0.5335	0.0758	1.202e-06	0.0758	1.202e-06
X	115464183	rs139443404	A	G	0.5263	0.0647	2.722e-07	0.0647	2.722e-07	0.5338	0.0753	1.437e-06	0.0753	1.437e-06
X	115464537	rs143292421	G	A	0.027	-0.0218	0.8153	-0.072	0.1371	0.027	0.0177	0.8738	-0.0788	0.1815
X	115464715	rs5952139	G	T	0.4946	0.0634	8.001e-08	0.0634	8.001e-08	0.5027	0.0757	2.548e-07	0.0757	2.548e-07
X	115464822	X:115464822:CCT_C	D	R	0.027	-0.0218	0.8155	-0.0721	0.1371	0.0269	0.0176	0.8742	-0.0789	0.1812
X	115464983	rs5952140	G	C	0.5003	0.0652	5.681e-08	0.0652	5.137e-08	0.5084	0.0761	3.126e-07	0.0761	3.126e-07
X	115465137	rs5952141	G	A	0.5476	0.0643	3.102e-07	0.0643	3.102e-07	0.5558	0.075	1.6e-06	0.075	1.6e-06
X	115465140	rs191584222	T	G	0.0354	-0.0166	0.8427	-0.0747	0.09845	0.0356	0.0141	0.8908	-0.0829	0.1336
X	115465147	rs5952142	C	A	0.5417	0.0628	4.197e-07	0.0628	4.197e-07	0.5501	0.0734	1.969e-06	0.0734	1.969e-06
X	115465198	rs5952143	G	A	0.4941	0.0633	8.725e-08	0.0633	8.725e-08	0.5024	0.0747	3.666e-07	0.0747	3.666e-07
X	115465354	rs144136059	A	C	0.0389	-0.001	0.9895	-0.0474	0.2765	0.0389	0.0357	0.7126	-0.0474	0.376
X	115465397	rs5952144	T	C	0.5268	0.0612	4.438e-07	0.0612	4.438e-07	0.5347	0.0735	1.096e-06	0.0735	1.096e-06
X	115465468	rs78605559	T	C	0.0331	-0.0133	0.8746	-0.072	0.1045	0.0328	0.0263	0.7939	-0.065	0.2309
X	115465541	rs5952145	A	G	0.5114	0.0653	8.408e-08	0.0653	8.408e-08	0.5194	0.0778	2.707e-07	0.0778	2.707e-07
X	115466089	rs6520213	G	A	0.5287	0.0616	4.022e-07	0.0616	4.022e-07	0.5365	0.0736	1.117e-06	0.0736	1.117e-06
X	115466144	rs6520214	A	G	0.4933	0.0632	8.695e-08	0.0632	8.695e-08	0.5017	0.0743	4.071e-07	0.0743	4.071e-07
X	115466328	rs149626777	A	T	0.0321	-0.0039	0.9652	-0.0728	0.1099	0.0317	0.0292	0.7877	-0.0762	0.1765
X	115466584	rs5905159	G	A	0.5279	0.0612	4.562e-07	0.0612	4.562e-07	0.5355	0.0737	1.029e-06	0.0737	1.029e-06
X	115466677	rs5905256	A	G	0.5373	0.0631	3.66e-07	0.0631	3.66e-07	0.5454	0.073	2.215e-06	0.073	2.215e-06
X	115466680	rs5905160	G	A	0.5374	0.0631	3.662e-07	0.0631	3.662e-07	0.5454	0.073	2.218e-06	0.073	2.218e-06
X	115466778	rs5905257	T	A	0.5302	0.0615	4.343e-07	0.0615	4.343e-07	0.5378	0.0737	1.113e-06	0.0737	1.113e-06
X	115466851	rs34384351	T	G	0.0269	-0.0229	0.8087	-0.0736	0.135	0.0269	0.0166	0.8828	-0.0805	0.18
X	115467051	X:115467051:T_TGC	I	R	0.0284	-0.0187	0.8438	-0.0746	0.1262	0.0281	0.0249	0.8257	-0.076	0.2037
X	115467313	rs5905258	A	G	0.5296	0.0623	3.311e-07	0.0623	3.311e-07	0.5369	0.0742	9.767e-07	0.0742	9.767e-07
X	115467322	rs138587662	A	C	0.0285	-0.0172	0.8577	-0.0758	0.1202	0.0282	0.0286	0.8011	-0.0737	0.2174
X	115467481	rs78893794	A	G	0.0302	-0.0071	0.9379	-0.0661	0.1697	0.0303	0.0363	0.737	-0.063	0.2809
X	115467648	rs5905259	T	C	0.5282	0.0604	6.134e-07	0.0604	6.134e-07	0.5359	0.0724	1.508e-06	0.0724	1.508e-06
X	115467676	rs5905260	T	C	0.4945	0.0621	1.288e-07	0.0621	1.288e-07	0.5027	0.0731	5.639e-07	0.0731	5.639e-07
X	115468242	rs12843231	C	T	0.0267	-0.023	0.8098	-0.0743	0.1343	0.0267	0.0169	0.8818	-0.0817	0.1769
X	115468244	rs5952146	A	C	0.4945	0.0621	1.294e-07	0.0621	1.294e-07	0.5027	0.0731	5.707e-07	0.0731	5.707e-07
X	115468404	rs5952147	C	T	0.5252	0.0607	5.003e-07	0.0607	5.003e-07	0.5324	0.073	1.134e-06	0.073	1.134e-06
X	115468566	rs12009209	G	T	0.0267	-0.0232	0.8079	-0.0743	0.1349	0.0266	0.0165	0.8847	-0.0818	0.1772
X	115468599	rs12014985	T	C	0.0267	-0.0232	0.808	-0.0744	0.1347	0.0266	0.0166	0.8841	-0.0818	0.1773
X	115469249	rs12008378	G	A	0.0267	-0.0236	0.8051	-0.0749	0.1327	0.0266	0.0161	0.8873	-0.0822	0.1756
X	115469398	rs5952083	G	A	0.4945	0.062	1.337e-07	0.062	1.337e-07	0.5027	0.0729	5.968e-07	0.0729	5.968e-07
X	115470124	rs6608628	G	C	0.5239	0.0609	4.43e-07	0.0609	4.43e-07	0.5314	0.0723	1.4e-06	0.0723	1.4e-06
X	115470189	rs6608629	A	T	0.1763	0.0032	0.9033	0.0024	0.8905	0.1828	-0.0154	0.6663	-0.0027	0.8977
X	115470641	rs5905261	G	A	0.5232	0.0606	4.837e-07	0.0606	4.837e-07	0.5307	0.0718	1.621e-06	0.0718	1.621e-06
X	115470830	rs5905262	G	A	0.5237	0.0607	4.725e-07	0.0607	4.725e-07	0.5312	0.072	1.525e-06	0.072	1.525e-06
X	115471376	rs35943917	C	T	0.0264	-0.0256	0.7909	-0.0765	0.1299	0.0263	0.0136	0.9062	-0.0843	0.1707
X	115471497	rs5905263	G	A	0.4952	0.0613	1.653e-07	0.0613	1.653e-07	0.5033	0.0719	7.768e-07	0.0719	7.768e-07
X	115472401	rs12835146	G	T	0.4956	0.0606	2.195e-07	0.0606	2.195e-07	0.5037	0.071	1.018e-06	0.071	1.018e-06
X	115473059	rs5905162	G	A	0.4924	0.0594	4.116e-07	0.0594	4.116e-07	0.5002	0.0712	9.84e-07	0.0712	9.84e-07
X	115473122	rs12836652	A	C	0.0263	-0.0258	0.7905	-0.0769	0.1314	0.0262	0.0125	0.9143	-0.086	0.1663
X	115473586	rs5905163	C	T	0.4914	0.0589	4.97e-07	0.0589	4.97e-07	0.4992	0.0711	1.017e-06	0.0711	1.017e-06
X	115473766	rs10521572	C	T	0.4899	0.0584	6.056e-07	0.0584	6.056e-07	0.4976	0.0707	1.125e-06	0.0707	1.125e-06
X	115473806	rs6608631	C	A	0.4898	0.0584	6.188e-07	0.0584	6.188e-07	0.4975	0.0707	1.135e-06	0.0707	1.135e-06
X	115474143	rs6520219	A	G	0.4893	0.0583	6.166e-07	0.0583	6.166e-07	0.4969	0.071	1.013e-06	0.071	1.013e-06
X	115474595	rs2093132	G	C	0.4891	0.0585	6.184e-07	0.0585	6.184e-07	0.4966	0.0711	1.009e-06	0.0711	1.009e-06
X	115474731	rs5905265	G	A	0.5333	0.0595	1.306e-06	0.0595	1.306e-06	0.5392	0.0733	1.574e-06	0.0733	1.574e-06
X	115475316	rs5905266	T	C	0.4965	0.0596	7.375e-07	0.0596	7.375e-07	0.5035	0.0731	1.01e-06	0.0731	1.01e-06
X	115475543	rs5905267	C	T	0.5282	0.0592	2.518e-06	0.0592	2.518e-06	0.5347	0.0741	2.091e-06	0.0741	2.091e-06
X	115475796	rs5905268	A	G	0.4897	0.0615	6.62e-07	0.0615	6.62e-07	0.497	0.0753	8.826e-07	0.0753	8.826e-07
X	115476037	rs5905164	C	G	0.4974	0.064	3.892e-07	0.064	3.892e-07	0.5051	0.0782	5.471e-07	0.0782	5.471e-07
X	115476191	rs5905165	G	A	0.5355	0.0629	2.387e-06	0.0629	2.387e-06	0.5428	0.0791	1.666e-06	0.0791	1.666e-06
X	115476246	rs6520222	C	T	0.5526	0.0653	2.036e-06	0.0653	2.036e-06	0.5602	0.0813	1.829e-06	0.0813	1.829e-06
X	115477203	rs5905166	T	C	0.1739	-0.0223	0.4947	-0.0161	0.5003	0.1717	0.0039	0.8978	0.0039	0.8978
X	115477378	rs2208262	C	T	0.058	-0.053	0.1093	-0.0532	0.107	0.0556	-0.0364	0.6041	-0.0634	0.1331
X	115478001	X:115478001:TC_T	D	R	0.3099	-0.0047	0.796	-9e-04	0.9441	0.3087	0.0074	0.6754	0.0088	0.6019
X	115478048	rs6520224	A	C	0.565	-0.019	0.3379	-9e-04	0.9418	0.5603	-0.0046	0.8391	0.0124	0.3935
X	115478717	rs73226835	C	A	0.016	0.0778	0.2416	0.0778	0.2416	NA	NA	NA	NA	NA
X	115478730	rs4355927	C	T	0.0462	-0.0408	0.2208	-0.044	0.1453	NA	NA	NA	NA	NA
X	115479019	X:115479019:ACTGT	D	R	0.0533	-0.0387	0.1919	-0.0387	0.1919	0.0503	-0.0345	0.5292	-0.0551	0.1432
X	115479046	rs4322126	A	T	0.0568	-0.0585	0.07278	-0.0622	0.02304	NA	NA	NA	NA	NA
X	115479289	rs7051922	T	A	0.0568	-0.0584	0.06811	-0.0619	0.02339	NA	NA	NA	NA	NA
X	115479441	rs12848354	T	C	0.0566	-0.0583	0.07302	-0.062	0.0233	NA	NA	NA	NA	NA
X	115479728	rs7882412	T	A	0.0555	-0.0573	0.0687	-0.0606	0.02538	NA	NA	NA	NA	NA
X	115479765	rs7879372	A	G	0.0555	-0.0573	0.06873	-0.0606	0.02536	NA	NA	NA	NA	NA
X	115479838	rs7882554	G	A	0.0549	-0.056	0.07651	-0.0593	0.02795	NA	NA	NA	NA	NA
X	115480183	rs5952084	G	A	0.0567	-0.0539	0.08551	-0.0574	0.02777	NA	NA	NA	NA	NA
X	115480247	rs6608635	A	G	0.0883	0.0188	0.5238	0.0188	0.5238	0.0886	0.0267	0.4602	0.0267	0.4602
X	115480439	rs12007645	G	A	0.0566	-0.0538	0.08595	-0.0573	0.02794	NA	NA	NA	NA	NA
X	115480782	rs11091077	A	G	0.0561	-0.0536	0.08332	-0.0569	0.02795	NA	NA	NA	NA	NA
X	115481167	rs12008958	C	T	0.0561	-0.0536	0.08315	-0.0569	0.02791	NA	NA	NA	NA	NA
X	115481328	rs12836465	A	G	0.0561	-0.0536	0.08309	-0.0569	0.0279	NA	NA	NA	NA	NA
X	115481579	X:115481579:ATG_A	D	R	0.0229	-0.1284	0.03514	-0.1284	0.03514	NA	NA	NA	NA	NA
X	115481585	rs36052025	A	G	0.0234	-0.0538	0.4647	-0.0648	0.2418	0.022	-0.0907	0.354	-0.0825	0.2518
X	115481602	rs180710790	G	T	0.1883	-0.0206	0.4338	-0.0206	0.4338	0.1881	-0.0024	0.9409	-0.0024	0.9409
X	115481604	rs7879213	G	T	0.5027	0.0219	0.3231	0.0116	0.5042	0.5053	0.001	0.972	-0.0073	0.7308
X	115481606	rs2311432	T	G	0.1153	0.0035	0.8958	0.0035	0.8958	0.1134	-0.0026	0.9509	0.0082	0.8077
X	115481641	rs11091078	G	A	0.0605	-0.055	0.06594	-0.0576	0.02845	NA	NA	NA	NA	NA
X	115481652	rs11091079	T	G	0.0562	-0.0551	0.07109	-0.058	0.02752	NA	NA	NA	NA	NA
X	115481766	rs11091080	C	T	0.0567	-0.0548	0.07497	-0.0579	0.0279	NA	NA	NA	NA	NA
X	115481772	rs11091081	G	C	0.0567	-0.0548	0.07497	-0.0579	0.0279	NA	NA	NA	NA	NA
X	115481791	rs11091082	A	G	0.0567	-0.0548	0.07508	-0.0579	0.02794	NA	NA	NA	NA	NA
X	115481946	rs12689280	C	G	0.0501	-0.04	0.271	-0.0449	0.1072	NA	NA	NA	NA	NA
X	115482135	rs7066910	G	A	0.0568	-0.0546	0.07576	-0.0577	0.02859	NA	NA	NA	NA	NA
X	115482169	rs66715137	A	G	0.0496	-0.0406	0.2665	-0.0455	0.106	NA	NA	NA	NA	NA
X	115482469	rs7063861	T	C	0.0574	-0.0542	0.0773	-0.0572	0.02885	NA	NA	NA	NA	NA
X	115482667	rs7053242	G	A	0.0573	-0.054	0.07771	-0.0571	0.02929	NA	NA	NA	NA	NA
X	115482697	rs7053376	G	A	0.0573	-0.054	0.07789	-0.057	0.02934	NA	NA	NA	NA	NA
X	115483043	rs5952149	G	A	0.0573	-0.054	0.07777	-0.057	0.02938	NA	NA	NA	NA	NA
X	115483924	rs12850337	G	A	0.051	-0.0419	0.2439	-0.0466	0.09191	NA	NA	NA	NA	NA
X	115484164	rs5952085	C	G	0.0577	-0.0538	0.07597	-0.0564	0.03205	NA	NA	NA	NA	NA
X	115485208	rs72605218	A	T	0.0496	-0.0374	0.2924	-0.042	0.1376	NA	NA	NA	NA	NA
X	115485869	rs7879343	T	C	0.0562	-0.0532	0.08187	-0.0553	0.03751	NA	NA	NA	NA	NA
X	115488152	rs5905269	C	A	0.6297	0.0086	0.5863	0.0041	0.7347	0.6374	0.01	0.6365	0.0089	0.5514
X	115488259	rs5905270	G	A	0.3204	-0.0017	0.9184	0.0036	0.7766	0.3165	-0.0036	0.8634	-4e-04	0.9777
X	115488306	rs5905271	C	A	0.3204	-0.0017	0.9184	0.0036	0.7766	0.3165	-0.0036	0.8639	-4e-04	0.9783
X	115488383	rs5905167	G	T	0.3173	0.0024	0.8774	0.0068	0.5914	0.3138	0.001	0.9581	0.0028	0.8565
X	115488386	rs5905272	G	A	0.3204	-0.0016	0.9206	0.0036	0.7753	0.3166	-0.0035	0.8664	-4e-04	0.9808
X	115488474	rs4824321	C	T	0.3205	-0.0016	0.9207	0.0036	0.7743	0.3166	-0.0035	0.8665	-4e-04	0.9809
X	115488818	rs4824356	T	G	0.319	2e-04	0.9918	0.0045	0.7221	0.3155	-0.0017	0.9326	7e-04	0.9649
X	115488877	rs72605219	T	C	0.0482	-0.0355	0.2572	-0.0377	0.1901	NA	NA	NA	NA	NA
X	115489061	X:115489061:TTAAT	R	D	0.3228	-0.0029	0.8601	0.0026	0.8417	0.3187	-0.0035	0.8691	-3e-04	0.987
X	115489240	rs989528	G	C	0.3202	-0.001	0.9493	0.0039	0.7625	0.3165	-0.003	0.8877	-2e-04	0.9908
X	115489245	rs2206631	G	A	0.3341	-1e-04	0.9937	0.0059	0.6482	0.3305	8e-04	0.9688	0.0027	0.8682
X	115489518	rs2206632	T	C	0.3574	-0.0217	0.2577	-0.0175	0.1946	0.3517	-0.0111	0.6304	-0.0034	0.8367
X	115489524	rs720232	T	C	0.3212	-0.0017	0.9164	0.0034	0.7912	0.3174	-0.0037	0.8625	-7e-04	0.9626
X	115489775	rs720231	G	A	0.3213	-0.0017	0.9162	0.0034	0.7895	0.3175	-0.0038	0.8599	-8e-04	0.9586
X	115491041	rs5905168	A	C	0.3179	-0.0012	0.9409	0.003	0.8193	0.3148	-0.004	0.855	-9e-04	0.9561
X	115491289	rs61440016	T	G	0.0504	-0.0378	0.2887	-0.0424	0.1381	NA	NA	NA	NA	NA
X	115491700	rs58771583	A	G	0.0504	-0.0378	0.2881	-0.0425	0.138	NA	NA	NA	NA	NA
X	115491720	rs60377972	T	G	0.0506	-0.0385	0.2791	-0.0433	0.1316	NA	NA	NA	NA	NA
X	115491886	rs5905273	A	C	0.0428	0.0519	0.2669	0.0461	0.2469	0.0425	0.0192	0.7544	0.0103	0.8345
X	115492073	rs148142621	C	A	0.0656	-0.0406	0.2895	-0.0406	0.2895	0.0658	-0.0063	0.8943	-0.0063	0.8943
X	115492212	rs5952087	C	T	0.3096	-0.0072	0.6363	-0.0072	0.6363	0.3082	0.0054	0.7722	0.0054	0.7722
X	115492265	rs12853217	A	G	0.0451	-0.049	0.2202	-0.0553	0.09408	0.0419	-0.0479	0.393	-0.0622	0.1419
X	115492469	rs5952151	G	C	0.0432	-0.0511	0.2688	-0.0654	0.05326	NA	NA	NA	NA	NA
X	115493326	rs5952088	A	T	0.0425	-0.0308	0.4257	-0.0265	0.4249	NA	NA	NA	NA	NA
X	115493669	rs4824357	G	T	0.0443	-0.04	0.317	-0.0541	0.0708	NA	NA	NA	NA	NA
X	115493922	rs5905274	C	T	0.2604	0.0027	0.8447	0.0027	0.8447	0.2598	0.0194	0.2688	0.0198	0.2491
X	115494191	rs10284133	A	T	0.0841	-0.0344	0.1402	-0.0354	0.1048	0.0788	-0.0452	0.1676	-0.0462	0.09576
X	115494581	rs5905275	C	G	0.3434	-0.0095	0.4628	-0.0096	0.4472	0.3374	-0.0052	0.8104	0.0014	0.9295
X	115495207	rs34888182	G	T	0.0438	-0.0345	0.377	-0.0476	0.1038	NA	NA	NA	NA	NA
X	115495520	rs72605220	G	A	0.0423	-0.0394	0.3264	-0.0534	0.07292	NA	NA	NA	NA	NA
X	115495743	rs144258096	T	C	0.1719	-0.0101	0.6449	-0.0101	0.6449	0.1685	-0.014	0.6111	-0.014	0.6111
X	115495882	X:115495882:AG_A	D	R	0.0831	-0.0332	0.1451	-0.034	0.1159	0.0776	-0.0431	0.1789	-0.0444	0.1058
X	115495883	rs5905276	C	G	0.2598	0.0027	0.8437	0.0027	0.8437	0.2594	0.0188	0.2712	0.0191	0.2577
X	115495883	X:115495883:GC_G	D	R	0.083	-0.0332	0.1445	-0.0339	0.1163	0.0775	-0.0431	0.1789	-0.0443	0.1061
X	115496329	rs190252195	A	T	0.034	-0.0122	0.8318	-0.0138	0.7857	0.0331	0.0409	0.5247	0.0409	0.5247
X	115496458	rs5905169	A	G	0.2599	0.0026	0.8491	0.0026	0.8491	0.2594	0.0187	0.2718	0.019	0.2587
X	115496554	rs5905277	A	T	0.344	-0.0083	0.5462	-0.0084	0.5008	0.3382	-0.0047	0.8281	0.0015	0.924
X	115496655	rs5952152	G	C	0.3426	-0.0092	0.4862	-0.0093	0.4594	0.3367	-0.0047	0.8273	0.0017	0.9139
X	115496714	rs147410707	T	C	0.2599	0.0026	0.85	0.0026	0.85	0.2595	0.0184	0.2822	0.0189	0.2602
X	115496913	rs5905278	T	A	0.2599	0.0026	0.8504	0.0026	0.8504	0.2595	0.0184	0.2823	0.0189	0.2603
X	115497347	rs5952153	G	A	0.0826	-0.0332	0.1386	-0.0338	0.1172	0.0771	-0.0431	0.1719	-0.0443	0.1058
X	115499146	X:115499146:CAGAG	R	D	0.6509	0.0085	0.5672	0.0086	0.4875	0.6578	0.0041	0.8458	-0.0019	0.9041
X	115500673	rs7891560	A	C	0.0836	-0.0325	0.1599	-0.0335	0.1222	0.0782	-0.0438	0.1669	-0.0447	0.1041
X	115501340	rs11797172	A	C	0.6517	0.0087	0.5577	0.0088	0.4747	0.6591	0.0047	0.8232	-0.0013	0.9301
X	115501851	X:115501851:ATC_A	D	R	0.246	0.0036	0.7975	0.0036	0.7975	0.2455	0.0178	0.3012	0.0178	0.3012
X	115502818	rs5952089	G	C	0.3436	-0.0092	0.4874	-0.0093	0.4503	0.3375	-0.0046	0.8252	0.0016	0.9152
X	115502850	rs5952154	G	A	0.3436	-0.0092	0.4878	-0.0093	0.4507	0.3375	-0.0046	0.8256	0.0016	0.9148
X	115502933	rs5952090	T	C	0.3436	-0.0092	0.4879	-0.0093	0.4507	0.3375	-0.0046	0.8251	0.0016	0.9156
X	115502972	rs5952155	A	T	0.3436	-0.0092	0.4882	-0.0093	0.4507	0.3375	-0.0047	0.8248	0.0016	0.9164
X	115503918	rs7057233	C	T	0.3435	-0.0092	0.4897	-0.0093	0.4506	0.3374	-0.0048	0.8211	0.0015	0.9231
X	115504477	rs7062827	A	G	0.084	-0.0322	0.1641	-0.0331	0.1265	0.0785	-0.0432	0.1724	-0.0442	0.1088
X	115505091	rs10481828	T	C	0.0856	-0.0343	0.1338	-0.0351	0.1051	0.0801	-0.0454	0.141	-0.046	0.09466
X	115505551	rs141168454	A	G	0.0475	0.0221	0.5713	0.0221	0.5713	0.0481	0.0444	0.388	0.0472	0.325
X	115506322	rs5952091	A	G	0.0883	-0.0286	0.2872	-0.0319	0.1376	0.0815	-0.042	0.1888	-0.0437	0.1104
X	115507044	rs6520228	T	C	0.6524	0.0088	0.5677	0.009	0.4644	0.6597	0.0045	0.834	-0.0013	0.9326
X	115507255	rs12833274	C	T	0.0468	-0.0414	0.2821	-0.0545	0.05756	NA	NA	NA	NA	NA
X	115507292	rs12849136	G	A	0.6526	0.0089	0.556	0.0091	0.459	0.66	0.005	0.8138	-0.001	0.9499
X	115507766	rs139768363	C	T	0.0187	0.0581	0.3174	0.0581	0.3174	NA	NA	NA	NA	NA
X	115507842	rs60869267	G	A	0.0451	-0.0336	0.3914	-0.047	0.1098	NA	NA	NA	NA	NA
X	115508441	rs12859152	G	C	0.0455	-0.0366	0.3394	-0.0494	0.09185	NA	NA	NA	NA	NA
X	115509033	rs35717027	C	T	0.0455	-0.0366	0.3392	-0.0494	0.09207	NA	NA	NA	NA	NA
X	115509077	rs35812694	G	T	0.0456	-0.0367	0.3388	-0.0495	0.09182	NA	NA	NA	NA	NA
X	115509225	rs7882425	A	T	0.0456	-0.0367	0.3395	-0.0495	0.09195	NA	NA	NA	NA	NA
X	115509549	rs12837416	T	C	0.0457	-0.0367	0.3398	-0.0495	0.09183	NA	NA	NA	NA	NA
X	115510531	rs7065248	C	T	0.046	-0.0359	0.3499	-0.0485	0.1	NA	NA	NA	NA	NA
X	115510626	X:115510626:A_AT	I	R	0.046	-0.0359	0.3497	-0.0485	0.09996	NA	NA	NA	NA	NA
X	115511286	rs34119243	C	G	0.0461	-0.0359	0.3499	-0.0485	0.1001	NA	NA	NA	NA	NA
X	115511403	rs12847114	A	C	0.0461	-0.0359	0.3496	-0.0486	0.1001	NA	NA	NA	NA	NA
X	115511697	rs6651567	G	T	0.0461	-0.0359	0.3489	-0.0485	0.1005	NA	NA	NA	NA	NA
X	115511703	rs6651553	G	A	0.0461	-0.0359	0.3496	-0.0486	0.1003	NA	NA	NA	NA	NA
X	115511885	rs6651568	T	C	0.0461	-0.0358	0.3527	-0.0486	0.1009	NA	NA	NA	NA	NA
X	115512262	rs4824322	G	A	0.0463	-0.0356	0.3559	-0.0486	0.1001	NA	NA	NA	NA	NA
X	115512482	rs73636306	G	A	0.0371	-0.007	0.8704	1e-04	0.9974	NA	NA	NA	NA	NA
X	115512706	X:115512706:A_AG	I	R	0.0895	-0.0276	0.3069	-0.031	0.1541	0.0826	-0.0415	0.1954	-0.0431	0.1192
X	115513162	rs5905281	A	G	0.6526	0.0087	0.5721	0.0089	0.4752	0.66	0.005	0.8148	-9e-04	0.9515
X	115513353	rs12840900	A	G	0.0461	-0.0354	0.3622	-0.0486	0.1021	NA	NA	NA	NA	NA
X	115513368	rs12852899	C	T	0.0461	-0.0354	0.3624	-0.0486	0.102	NA	NA	NA	NA	NA
X	115513465	X:115513465:A_AAA	I	R	0.0462	-0.0352	0.366	-0.0484	0.1036	NA	NA	NA	NA	NA
X	115513961	rs72605222	G	T	0.0463	-0.0365	0.3416	-0.0491	0.0983	NA	NA	NA	NA	NA
X	115514594	rs3918450	G	A	0.0465	-0.0358	0.353	-0.0485	0.1021	NA	NA	NA	NA	NA
X	115514676	rs2206630	A	G	0.0465	-0.0358	0.3525	-0.0486	0.102	NA	NA	NA	NA	NA
X	115514841	X:115514841:TG_T	D	R	0.0237	0.0815	0.205	0.0846	0.08431	NA	NA	NA	NA	NA
X	115514887	rs761203	A	G	0.0465	-0.0358	0.3534	-0.0486	0.1022	NA	NA	NA	NA	NA
X	115515139	rs12847411	G	A	0.0465	-0.0358	0.3526	-0.0486	0.102	NA	NA	NA	NA	NA
X	115515234	rs12842561	T	G	0.0465	-0.0358	0.3528	-0.0486	0.102	NA	NA	NA	NA	NA
X	115515358	rs12842809	A	G	0.0418	-0.0308	0.5099	-0.0491	0.1326	NA	NA	NA	NA	NA
X	115515626	rs12843107	T	C	0.0467	-0.0361	0.3502	-0.049	0.1002	NA	NA	NA	NA	NA
X	115516229	rs5905172	A	T	0.258	0.0018	0.8945	0.0018	0.8945	0.2576	0.017	0.3243	0.0174	0.3031
X	115516471	rs761204	A	G	0.0466	-0.0331	0.4036	-0.0467	0.1197	NA	NA	NA	NA	NA
X	115516551	rs149007154	G	A	0.0198	0.0138	0.8163	0.0121	0.8256	NA	NA	NA	NA	NA
X	115517011	rs72605223	G	T	0.047	-0.0362	0.3496	-0.0492	0.1001	NA	NA	NA	NA	NA
X	115517615	rs7891943	A	G	0.0471	-0.037	0.3376	-0.0496	0.09738	NA	NA	NA	NA	NA
X	115517907	rs7066693	A	G	0.0471	-0.0362	0.3502	-0.0493	0.1	NA	NA	NA	NA	NA
X	115518045	rs7056737	C	T	0.0471	-0.0363	0.3496	-0.0493	0.09976	NA	NA	NA	NA	NA
X	115518224	rs7057081	C	T	0.0471	-0.0364	0.3482	-0.0496	0.0984	NA	NA	NA	NA	NA
X	115518443	rs7049306	T	C	0.0471	-0.0364	0.3486	-0.0496	0.09858	NA	NA	NA	NA	NA
X	115518498	rs12559910	C	T	0.2675	0.0035	0.8018	0.0035	0.8018	0.2667	0.0171	0.3186	0.0171	0.3186
X	115518566	rs7061105	G	T	0.0472	-0.0363	0.3514	-0.0496	0.09847	NA	NA	NA	NA	NA
X	115518683	rs7056859	T	A	0.0472	-0.0364	0.3494	-0.0496	0.09902	NA	NA	NA	NA	NA
X	115518776	rs72605224	T	C	0.0472	-0.0364	0.3483	-0.0496	0.09872	NA	NA	NA	NA	NA
X	115519264	rs12851349	G	A	0.0472	-0.0365	0.3487	-0.0497	0.09847	NA	NA	NA	NA	NA
X	115519531	rs5952158	T	G	0.0394	-0.0042	0.9181	0.0035	0.9126	NA	NA	NA	NA	NA
X	115520179	rs34135790	C	G	0.0473	-0.0365	0.3486	-0.0498	0.09865	NA	NA	NA	NA	NA
X	115520401	rs5952159	A	G	0.0367	-0.001	0.9783	0.0016	0.9599	NA	NA	NA	NA	NA
X	115520408	rs7885464	T	C	0.0474	-0.0365	0.3487	-0.0497	0.09901	NA	NA	NA	NA	NA
X	115520513	X:115520513:A_AG	I	R	0.0474	-0.0364	0.3495	-0.0497	0.0991	NA	NA	NA	NA	NA
X	115520637	rs7889351	C	G	0.0474	-0.0365	0.3487	-0.0498	0.09887	NA	NA	NA	NA	NA
X	115520855	rs5952160	T	A	0.0396	-0.005	0.9003	0.0017	0.9579	NA	NA	NA	NA	NA
X	115521305	rs7880810	C	T	0.0474	-0.0365	0.3491	-0.0498	0.09914	NA	NA	NA	NA	NA
X	115521351	rs10126244	G	A	0.0396	-0.0052	0.8971	0.0016	0.9604	NA	NA	NA	NA	NA
X	115521475	rs7890231	G	C	0.0474	-0.0365	0.3487	-0.0498	0.09927	NA	NA	NA	NA	NA
X	115521679	rs12840577	A	G	0.0463	-0.0355	0.3973	-0.0517	0.0926	NA	NA	NA	NA	NA
X	115521988	rs7880920	G	A	0.0474	-0.0366	0.3478	-0.0498	0.099	NA	NA	NA	NA	NA
X	115522201	X:115522201:CAT_C	D	R	0.0475	-0.0365	0.3494	-0.0498	0.09944	NA	NA	NA	NA	NA
X	115522333	rs7881356	G	A	0.0475	-0.0365	0.3486	-0.0499	0.09901	NA	NA	NA	NA	NA
X	115522378	X:115522378:T_TG	I	R	0.0475	-0.0365	0.349	-0.0499	0.09913	NA	NA	NA	NA	NA
X	115522379	X:115522379:G_GA	I	R	0.0502	-0.0411	0.3075	-0.0559	0.06123	0.0465	-0.0349	0.5242	-0.0529	0.1715
X	115522744	rs72605225	C	T	0.0475	-0.0366	0.3486	-0.0499	0.09894	NA	NA	NA	NA	NA
X	115523119	X:115523119:AAAT_	D	R	0.0569	0.0033	0.9252	0.004	0.905	0.0537	-0.0343	0.5222	-0.0228	0.5861
X	115523121	X:115523121:AT_A	D	R	0.0445	-0.0108	0.8003	-0.0066	0.8375	0.0403	-0.0258	0.5273	-0.0258	0.5273
X	115523168	rs72605226	A	G	0.0476	-0.0366	0.3492	-0.0499	0.09913	NA	NA	NA	NA	NA
X	115523206	rs79838104	G	C	0.0476	-0.0366	0.3486	-0.0499	0.09903	NA	NA	NA	NA	NA
X	115523238	rs9969880	T	C	0.0875	-0.0311	0.2332	-0.0342	0.1274	0.0816	-0.04	0.2086	-0.0419	0.1411
X	115523274	X:115523274:CA_C	D	R	0.0476	-0.0366	0.3488	-0.05	0.09905	NA	NA	NA	NA	NA
X	115523335	rs75182521	G	A	0.0477	-0.0366	0.3489	-0.0499	0.09933	NA	NA	NA	NA	NA
X	115523890	X:115523890:GCTT_	D	R	0.2589	0.0048	0.7309	0.0048	0.7309	0.2583	0.0191	0.268	0.0191	0.268
X	115523972	X:115523972:ACTT_	D	R	0.038	-0.0042	0.9091	-9e-04	0.9775	NA	NA	NA	NA	NA
X	115523973	X:115523973:CTTCT	D	R	0.0383	-0.0043	0.9073	-0.0011	0.9732	NA	NA	NA	NA	NA
X	115524032	rs12843370	C	G	0.0477	-0.0366	0.3484	-0.0501	0.09885	NA	NA	NA	NA	NA
X	115524129	rs12843612	A	G	0.0477	-0.0367	0.3483	-0.0501	0.09892	NA	NA	NA	NA	NA
X	115524235	rs5952162	G	A	0.0384	-0.0044	0.9042	-0.0012	0.9702	NA	NA	NA	NA	NA
X	115524264	rs12843910	A	G	0.0478	-0.0367	0.3476	-0.0502	0.09828	NA	NA	NA	NA	NA
X	115524560	X:115524560:CAAAA	D	R	0.1558	0.0041	0.8364	0.0041	0.8364	0.1534	0.0046	0.875	0.0115	0.6441
X	115525023	rs2311433	A	G	0.0883	-0.0309	0.2284	-0.0337	0.1326	0.0824	-0.0407	0.1946	-0.0422	0.1377
X	115525687	rs4434738	T	C	0.0461	-0.0384	0.3546	-0.0538	0.08326	NA	NA	NA	NA	NA
X	115525707	rs4446857	T	G	0.6442	0.0088	0.559	0.0087	0.4971	0.6513	0.0048	0.8187	-3e-04	0.9831
X	115525797	rs140004508	A	G	0.0426	-0.0425	0.2703	-0.0425	0.2703	0.0435	-0.0507	0.2904	-0.0507	0.2904
X	115526318	rs5905173	G	T	0.65	0.0067	0.6574	0.0068	0.596	0.6564	0.0048	0.8227	-9e-04	0.9544
X	115527179	rs12851498	G	T	0.0562	-0.0474	0.3633	-0.0355	0.3615	0.0541	0.0184	0.7709	0.0017	0.9722
X	115527342	rs5952165	A	C	0.6497	0.0071	0.6533	0.0073	0.5735	0.6564	0.0039	0.8572	-0.0017	0.9154
X	115527738	rs11091083	C	T	0.6497	0.0071	0.6541	0.0073	0.5746	0.6564	0.0039	0.8582	-0.0017	0.9148
X	115527834	rs11091084	T	C	0.0887	-0.031	0.2354	-0.0341	0.1305	0.0828	-0.0412	0.1935	-0.0428	0.1351
X	115527884	rs138580612	T	C	0.029	0.0148	0.7688	0.0148	0.7688	0.0275	-0.0058	0.9292	-0.0058	0.9292
X	115528625	rs5952166	G	T	0.0384	-0.0052	0.8904	-0.0016	0.9601	NA	NA	NA	NA	NA
X	115529372	rs5952167	T	C	0.0888	-0.0313	0.2343	-0.0345	0.1289	0.083	-0.042	0.1865	-0.0435	0.131
X	115529687	rs183288204	C	A	0.0527	0.0079	0.8355	0.008	0.8275	0.052	0.0351	0.486	0.038	0.4112
X	115529711	rs5952092	C	T	0.3503	-0.0077	0.6214	-0.0079	0.5432	0.3436	-0.0036	0.8658	0.0019	0.9046
X	115537697	rs73226841	T	C	0.098	0.0031	0.8862	0.0031	0.8862	0.1032	-0.0034	0.9263	-0.0125	0.6338
X	115539133	rs7878025	G	A	0.1197	0.0019	0.9256	0.0019	0.9256	0.1224	-0.0049	0.8832	-0.0129	0.5965
X	115541044	rs5952168	T	C	0.1404	-0.0049	0.7968	-0.0049	0.7968	0.1427	-0.0258	0.4061	-0.0306	0.1826
X	115542088	rs6520230	G	A	0.1194	0.001	0.9587	0.001	0.9587	0.1221	-0.0079	0.8147	-0.0158	0.5114
X	115542721	rs10127010	G	A	0.1371	-0.0045	0.8063	-0.0045	0.8063	0.1395	-0.024	0.4377	-0.0287	0.198
X	115544417	rs5952169	A	T	0.1087	0.0035	0.8614	0.0035	0.8614	0.1129	-0.003	0.9308	-0.011	0.6514
X	115547102	X:115547102:G_GA	I	R	0.0593	0.018	0.6432	0.018	0.6432	0.0581	-0.0134	0.7996	-0.0154	0.7515
X	115549134	rs111676606	A	G	0.0506	-0.0452	0.4037	-0.0332	0.3987	0.0483	0.0284	0.6782	0.0134	0.7903
X	115549788	X:115549788:TC_T	D	R	0.0151	0.2078	0.05283	0.2073	0.01313	NA	NA	NA	NA	NA
X	115550649	rs5952095	C	A	0.1172	-0.0026	0.888	-0.0026	0.888	0.1202	-0.0121	0.7198	-0.0206	0.3633
X	115551178	rs7879792	A	C	0.1042	-0.0015	0.9412	-0.0015	0.9412	0.1093	-0.0096	0.78	-0.0168	0.4864
X	115551211	rs6520233	A	G	0.1332	-0.0062	0.7266	-0.0062	0.7266	0.1364	-0.0263	0.4183	-0.0319	0.133
X	115551324	rs6608509	G	A	0.1132	-0.0024	0.9008	-0.0024	0.9008	0.117	-0.0136	0.6816	-0.0193	0.4027
X	115552009	rs5952171	G	A	0.1079	-0.0013	0.9466	-0.0013	0.9466	0.1123	-0.0091	0.7903	-0.0156	0.5108
X	115552186	rs73588278	T	C	0.0136	0.0359	0.5611	0.036	0.556	NA	NA	NA	NA	NA
X	115552435	rs5952172	G	A	0.1201	-7e-04	0.968	-7e-04	0.968	0.123	-0.0111	0.737	-0.0193	0.3846
X	115553821	rs147965370	A	G	0.0432	-0.0422	0.269	-0.0422	0.269	0.0441	-0.0446	0.345	-0.0446	0.345
X	115555824	rs112421482	G	A	0.1003	-0.0059	0.774	-0.0059	0.774	0.1051	-0.0143	0.6719	-0.0212	0.3936
X	115556158	rs5952097	C	T	0.1206	-0.0024	0.897	-0.0024	0.897	0.1235	-0.0136	0.6823	-0.0217	0.3278
X	115556454	rs5952098	G	A	0.1209	-0.0023	0.9007	-0.0023	0.9007	0.1238	-0.0134	0.6882	-0.0217	0.3298
X	115557052	rs7882947	G	C	0.12	-0.0065	0.7344	-0.0065	0.7344	0.1228	-0.0191	0.5809	-0.0258	0.2647
X	115557302	rs114301651	G	T	0.0553	0.0048	0.8968	0.0048	0.8968	0.0543	0.0427	0.3697	0.0427	0.3697
X	115557670	rs5952173	A	T	0.1071	-0.0019	0.926	-0.0019	0.926	0.1117	-0.0133	0.7024	-0.02	0.4144
X	115557940	X:115557940:TAA_T	D	R	0.0938	-0.0037	0.8746	-0.0037	0.8746	0.0971	-0.0176	0.5724	-0.0191	0.4967
X	115558712	rs6608641	A	G	0.0619	-0.0368	0.4795	-0.0284	0.4486	0.0591	0.0326	0.646	0.02	0.6759
X	115558718	rs62605919	G	C	0.1	-0.0192	0.4713	-0.0192	0.4713	0.1003	-0.0146	0.6804	-0.0103	0.7552
X	115558797	rs7066522	T	C	0.0842	-0.0365	0.2226	-0.0365	0.2226	0.0829	-0.0522	0.3481	-0.0412	0.2705
X	115558833	rs34542918	G	C	0.1592	-0.0585	0.01603	-0.0585	0.01603	0.1565	-0.0803	0.008828	-0.0803	0.008828
X	115558836	rs7055705	C	A	0.1475	-0.0582	0.01911	-0.0582	0.01911	0.1455	-0.0819	0.008784	-0.0819	0.008784
X	115558837	rs188176666	T	C	0.1466	-0.0587	0.01837	-0.0587	0.01837	0.1446	-0.0831	0.008027	-0.0831	0.008027
X	115558904	rs181291989	T	C	0.0251	-0.0137	0.8467	-0.037	0.4903	0.025	-0.0297	0.7251	-0.0363	0.5844
X	115558907	rs6520235	C	T	0.0498	-0.0653	0.3375	-0.0413	0.3256	0.0464	0.0038	0.9608	-0.0154	0.778
X	115558915	rs6520236	G	A	0.0631	-0.0523	0.355	-0.0456	0.222	0.0598	0.0035	0.9567	-0.0227	0.6326
X	115558951	rs6520237	C	T	0.0547	-0.0185	0.6435	-0.0185	0.6435	0.0532	-0.0125	0.8042	-0.0125	0.8042
X	115558956	rs6520238	G	A	0.0431	-0.0296	0.5101	-0.0296	0.5101	0.0415	-0.0082	0.8834	-0.0082	0.8834
X	115558962	rs6520239	G	A	0.0434	-0.0299	0.5051	-0.0299	0.5051	0.0418	-0.0082	0.8836	-0.0082	0.8836
X	115559079	rs151288957	G	A	0.0202	-0.0036	0.9419	-0.0036	0.9422	NA	NA	NA	NA	NA
X	115561471	rs62605921	A	C	0.2372	0.0123	0.4274	0.0127	0.3757	0.2393	0.0138	0.4943	0.0164	0.3545
X	115562938	rs145362145	C	G	0.0906	-0.0139	0.5945	-0.0064	0.7661	0.0889	-1e-04	0.9957	-1e-04	0.9957
X	115563162	rs145862319	C	T	0.0913	-0.0126	0.6456	-0.0037	0.8612	0.0898	0.0044	0.8692	0.0043	0.871
X	115563813	rs191321527	A	C	0.0186	0.0824	0.1851	0.0824	0.1851	NA	NA	NA	NA	NA
X	115564837	rs12844003	C	T	0.2558	0.0128	0.3437	0.0128	0.3437	0.258	0.0137	0.413	0.0137	0.413
X	115564909	rs77683898	A	G	0.0277	-0.018	0.6562	-0.018	0.6562	NA	NA	NA	NA	NA
X	115565299	rs17308697	A	G	0.2475	0.0093	0.4949	0.0093	0.4949	0.2499	0.012	0.4788	0.012	0.4788
X	115565550	rs12839137	A	G	0.2363	0.011	0.4259	0.011	0.4259	0.2391	0.0154	0.3675	0.0154	0.3675
X	115565696	X:115565696:C_CAT	I	R	0.2547	0.0133	0.3226	0.0133	0.3226	0.2569	0.014	0.3998	0.014	0.3998
X	115565770	rs12833869	T	C	0.2543	0.013	0.3331	0.013	0.3331	0.2566	0.0139	0.403	0.0139	0.403
X	115565881	rs5905283	C	A	0.5125	-0.0141	0.2315	-0.0141	0.2315	0.5176	-0.0089	0.5937	-0.0102	0.4818
X	115565982	rs12834312	T	C	0.2544	0.0129	0.3397	0.0129	0.3397	0.2567	0.0137	0.4106	0.0137	0.4106
X	115566546	rs148728738	G	A	0.0265	0.0101	0.8049	0.0101	0.8049	NA	NA	NA	NA	NA
X	115566839	rs3788766	G	A	0.3894	0.0078	0.5367	0.0086	0.474	0.3861	0.0174	0.3413	0.018	0.2245
X	115567075	rs12710568	G	C	0.3377	0.0131	0.3446	0.0151	0.2298	0.3371	0.0144	0.3524	0.0144	0.3524
X	115567492	rs12720073	G	A	0.1032	-0.0093	0.7175	-0.0013	0.9505	0.1003	0.0018	0.9441	0.0011	0.9638
X	115568092	rs2312054	T	A	0.2446	0.0193	0.1569	0.0193	0.1569	0.2464	0.0171	0.3108	0.0171	0.3108
X	115568993	rs12720074	A	T	0.0917	-0.0107	0.6917	-0.0018	0.9306	0.0897	0.0013	0.9599	0.0013	0.9599
X	115569296	rs45551940	C	T	0.3305	0.0097	0.4815	0.0113	0.3722	0.3302	0.0136	0.3851	0.0136	0.3851
X	115569522	rs12720075	G	A	0.0909	-0.0112	0.6686	-0.0037	0.8634	0.0891	0.0013	0.9624	0.0013	0.9624
X	115569580	rs7059155	T	C	0.3249	0.0089	0.5016	0.0097	0.4454	0.325	0.0123	0.4343	0.0123	0.4343
X	115570465	rs12720076	A	G	0.0953	-0.0147	0.5824	-0.0065	0.7547	0.0931	-0.0019	0.9438	-0.003	0.9071
X	115571190	rs5905284	C	T	0.2486	0.0161	0.2324	0.0161	0.2324	0.2506	0.0147	0.3776	0.0147	0.3776
X	115572430	rs5905285	C	T	0.2502	0.0151	0.2642	0.0151	0.2642	0.2521	0.0131	0.4325	0.0131	0.4325
X	115573155	rs5905176	G	A	0.3386	0.0133	0.3362	0.0151	0.2307	0.3389	0.0161	0.298	0.0161	0.298
X	115573677	rs5905177	C	T	0.3785	0.0062	0.618	0.0063	0.6053	0.3755	0.0195	0.2589	0.0197	0.191
X	115573812	rs12720079	C	T	0.0919	-0.0095	0.718	-0.0017	0.9352	0.0903	0.004	0.8795	0.004	0.8795
X	115575956	rs12392462	C	T	0.3333	0.0115	0.4153	0.0132	0.2988	0.3325	0.0164	0.2949	0.0164	0.2949
X	115575989	rs12391221	C	A	0.3333	0.0115	0.4144	0.0132	0.2986	0.3325	0.0165	0.2948	0.0165	0.2948
X	115576662	rs12858125	C	G	0.2003	0.0091	0.56	0.0091	0.56	0.2015	0.0142	0.462	0.0142	0.462
X	115576952	rs148430069	C	T	0.0934	0.0021	0.9417	0.0119	0.5754	0.0917	0.0228	0.4473	0.0193	0.4632
X	115577031	rs2312055	T	C	0.2351	0.0114	0.4117	0.0114	0.4117	0.2371	0.0132	0.442	0.0132	0.442
X	115577130	rs2312056	C	G	0.2439	0.0121	0.3809	0.0121	0.3809	0.2448	0.0116	0.4964	0.0116	0.4964
X	115577216	rs2312057	C	T	0.2903	0.0093	0.5647	0.0113	0.4096	0.2904	0.0102	0.5769	0.0105	0.536
X	115577241	rs4824323	T	C	0.1628	-0.0032	0.872	-0.0029	0.8831	0.1623	0.0095	0.7963	0.0036	0.8837
X	115577245	rs4824324	C	T	0.1689	-0.0023	0.9061	-0.0023	0.9061	0.1683	0.003	0.9314	-3e-04	0.9913
X	115577287	rs4824358	A	G	0.1476	0.0053	0.8054	0.0063	0.7614	0.1486	0.0076	0.8417	0.0053	0.8367
X	115577292	rs4824359	A	T	0.1331	0.0027	0.9148	0.0062	0.7775	0.1341	0.0119	0.7688	0.0053	0.8441
X	115577303	rs12720082	C	A	0.1568	0.0067	0.7371	0.0067	0.7371	0.1577	0.0041	0.9091	0.0019	0.9384
X	115578613	rs12720083	C	A	0.4535	0.0161	0.1924	0.0161	0.1924	0.4507	0.0182	0.2329	0.0182	0.2329
X	115579665	rs12710569	G	T	0.2655	-0.0048	0.751	-0.0017	0.9007	0.2686	2e-04	0.9883	2e-04	0.9883
X	115579858	rs12720084	G	C	0.0937	-0.0015	0.9599	0.0101	0.6315	0.0926	0.0223	0.472	0.0191	0.4646
X	115583087	rs12720086	C	G	0.086	0.0015	0.9587	0.0103	0.6316	0.0856	0.0264	0.3833	0.0231	0.3852
X	115583476	rs12720087	A	T	0.0924	0.002	0.9472	0.013	0.5367	0.0916	0.0285	0.3649	0.0244	0.3467
X	115583884	rs12720088	A	G	0.0959	0.0077	0.79	0.0155	0.452	0.0943	0.0315	0.3187	0.0258	0.311
X	115584402	rs6608646	G	C	0.2405	-0.0264	0.1672	-0.0174	0.2116	0.2404	-0.0117	0.6146	-0.01	0.5613
X	115584564	rs146712032	G	T	0.0777	-0.0011	0.9717	0.0089	0.6881	0.0762	0.0202	0.4948	0.0186	0.4953
X	115584588	X:115584588:AT_A	D	R	0.0865	0.0055	0.8575	0.016	0.457	0.0838	0.0256	0.3959	0.0234	0.3798
X	115585020	rs4824325	G	T	0.3765	0.006	0.6214	0.006	0.6214	0.3777	0.0127	0.3997	0.0127	0.3997
X	115585678	rs12559530	G	C	0.2125	-0.0243	0.2361	-0.0117	0.4142	0.2137	-0.0111	0.6047	-0.0101	0.5663
X	115585783	rs12720089	C	T	0.4159	0.0077	0.6137	0.0034	0.7751	0.4174	0.0062	0.7159	0.0067	0.6482
X	115586016	rs191613883	T	C	0.0781	0.0025	0.9335	0.0106	0.6296	0.0763	0.0248	0.4119	0.0221	0.4166
X	115586325	rs5905287	A	G	0.503	0.0065	0.662	0.0045	0.6982	0.5011	0.0105	0.5567	0.0095	0.5107
X	115586700	rs10521578	G	A	0.2072	-0.0217	0.2842	-0.0095	0.5093	0.2089	-0.0086	0.7036	-0.0069	0.6991
X	115586817	rs10521579	G	A	0.0874	1e-04	0.9964	0.0041	0.8426	0.0841	0.0121	0.6717	0.01	0.7022
X	115586856	rs12720091	T	A	0.0845	-0.0018	0.939	0.0023	0.9137	0.082	0.0123	0.656	0.0112	0.6704
X	115586913	rs5905288	C	A	0.3758	0.0067	0.584	0.0067	0.584	0.3773	0.0128	0.3927	0.0128	0.3927
X	115586978	rs146269960	T	C	0.0181	-0.0562	0.4671	-0.0538	0.402	NA	NA	NA	NA	NA
X	115587378	rs5905178	C	T	0.4161	0.0076	0.6178	0.0033	0.7807	0.4176	0.0061	0.7226	0.0066	0.6519
X	115588438	rs2071877	T	C	0.3013	0.0073	0.5701	0.0073	0.5701	0.3015	-0.0031	0.8445	-0.0031	0.8445
X	115589112	rs2032525	C	G	0.308	0.016	0.3401	0.0127	0.3261	0.3107	-0.0097	0.5469	-0.0097	0.5469
X	115589631	rs17242824	A	C	0.0786	0.0032	0.9172	0.0128	0.558	0.0767	0.025	0.4091	0.0221	0.4124
X	115589779	rs2011198	A	C	0.3821	0.011	0.3641	0.011	0.3641	0.38	0.004	0.7897	0.004	0.7897
X	115590299	rs2011162	G	C	0.5784	-0.0075	0.5309	-0.0075	0.5309	0.5803	0.0018	0.9038	0.0018	0.9038
X	115590446	rs56035048	C	G	0.078	0.0014	0.9637	0.0101	0.6447	0.0763	0.0239	0.4224	0.0217	0.4242
X	115590829	rs5905289	T	C	0.377	0.006	0.621	0.006	0.621	0.3779	0.0127	0.3948	0.0127	0.3948
X	115591450	rs28699570	C	G	0.0809	0.0049	0.8692	0.0118	0.5848	0.0786	0.0258	0.4109	0.0218	0.4163
X	115591718	X:115591718:CT_C	D	R	0.2785	0.0063	0.6896	0.0055	0.7159	0.2765	0.0158	0.3974	0.0158	0.3974
X	115591724	rs5905179	C	T	0.3467	-6e-04	0.9751	-0.002	0.8882	0.3451	0.013	0.5207	0.0109	0.5387
X	115591778	rs41304494	C	T	0.0899	0.0055	0.8191	0.0098	0.6344	0.087	0.0201	0.4553	0.0194	0.452
X	115592236	rs12710570	G	A	0.2058	-0.0212	0.3155	-0.0075	0.6053	0.2079	-0.0077	0.7429	-0.006	0.7352
X	115593235	X:115593235:G_GAA	I	R	0.0684	-0.0079	0.8076	4e-04	0.988	0.0668	0.0214	0.5494	0.0195	0.5061
X	115593324	rs141820024	T	C	0.0664	-0.0112	0.7394	6e-04	0.9786	0.0652	0.0212	0.5362	0.0202	0.4965
X	115593592	rs6608649	G	A	0.0659	-0.0172	0.6344	-0.0014	0.9527	0.065	0.0156	0.6631	0.0157	0.5969
X	115596608	rs5952177	G	C	0.3272	-0.0298	0.1446	-0.0154	0.217	0.3257	-0.001	0.966	-8e-04	0.9599
X	115597063	rs147449896	G	A	0.129	0.0081	0.7462	0.0055	0.7733	0.1305	1e-04	0.9969	-0.0014	0.9516
X	115597200	rs6520241	G	A	0.1465	-0.0329	0.183	-0.0194	0.2446	0.1427	9e-04	0.9764	0.002	0.9226
X	115597275	rs6608651	G	A	0.1465	-0.0329	0.1829	-0.0194	0.2446	0.1427	8e-04	0.977	0.002	0.9226
X	115597591	rs5952178	C	T	0.1863	-0.0109	0.4673	-0.0109	0.4673	0.188	-0.0094	0.6113	-0.0094	0.6113
X	115597811	rs5952179	A	G	0.1863	-0.0109	0.4687	-0.0109	0.4687	0.188	-0.0094	0.6143	-0.0094	0.6143
X	115597883	rs5952180	G	A	0.1863	-0.0108	0.4721	-0.0108	0.4721	0.188	-0.0092	0.6201	-0.0092	0.6201
X	115598083	rs5952181	G	C	0.3337	-0.0313	0.1166	-0.0174	0.159	0.3313	-0.0038	0.8643	-0.0035	0.8215
X	115598201	X:115598201:G_GGT	I	R	0.1423	-0.0303	0.2328	-0.0163	0.3336	0.138	0.0041	0.8966	0.0049	0.8183
X	115598312	rs5952182	C	T	0.1863	-0.0106	0.48	-0.0106	0.48	0.1879	-0.0088	0.6336	-0.0088	0.6336
X	115598784	rs5952106	G	A	0.1982	-0.0056	0.7019	-0.0056	0.7019	0.2	-0.0077	0.6688	-0.0077	0.6688
X	115599023	rs5952107	T	C	0.1866	-0.0118	0.4295	-0.0118	0.4295	0.1882	-0.0108	0.5598	-0.0108	0.5598
X	115599165	rs6608511	T	G	0.3342	-0.0313	0.1111	-0.0182	0.1394	0.3319	-0.0045	0.8384	-0.0046	0.7648
X	115599482	rs6608512	C	T	0.3358	-0.0325	0.1015	-0.0191	0.1222	0.3331	-0.0046	0.8341	-0.0048	0.7531
X	115599646	rs6608513	T	G	0.1466	-0.0347	0.1657	-0.0202	0.2219	0.1431	-0.002	0.9468	1e-04	0.9968
X	115599690	rs5905180	T	A	0.4124	0.0063	0.6779	0.0021	0.8653	0.4126	0.0055	0.7571	0.006	0.6892
X	115599900	rs113615876	G	A	0.0727	-0.0291	0.4182	-0.0093	0.6827	0.0705	0.0089	0.8243	0.0126	0.6604
